1 0.3588020833333333 0.45563671874999995 0.0323854166666667 0.051023437500000046
0 0.5723854166666666 0.5430468749999999 0.06540624999999996 0.07999999999999999
0 0.5101276041666667 0.46614453125 0.03372395833333333 0.04513281249999999
0 0.37439583333333337 0.49276953125 0.03463541666666667 0.044523437500000006
0 0.6520625 0.45119140625 0.04487499999999992 0.06227343750000003
0 0.7331197916666667 0.49776171874999997 0.10264583333333341 0.07105468750000003
0 0.1541875 0.5888046874999999 0.10308333333333333 0.06584374999999998
1 0.3861484375 0.48282421875 0.008744791666666647 0.016976562500000014
1 0.6095494791666667 0.45809375 0.026411458333333353 0.04237500000000001
0 0.55390625 0.44700781250000005 0.03640625000000005 0.04637500000000001
0 0.6092031250000001 0.5827421875000001 0.09627083333333329 0.11940625000000002
0 0.5957161458333334 0.45021484375 0.04152604166666667 0.05111718750000005
1 0.35927864583333335 0.41123046875 0.0202864583333333 0.03608593750000004
0 0.7882005208333334 0.7241796875 0.304546875 0.40959375
