1 0.39648958333333334 0.47959765625 0.022187499999999954 0.03502343749999994
0 0.5452760416666667 0.5413984375 0.04500000000000005 0.05745312499999997
0 0.6712864583333332 0.64081640625 0.18921874999999996 0.22686718750000007
0 0.6740234375 0.5100351562500001 0.07771354166666669 0.0551796875
1 0.41001822916666664 0.49849609375000004 0.006432291666666678 0.01258593750000001
1 0.24369010416666667 0.46057421875 0.02518229166666668 0.03867968749999999
1 0.5758515625 0.47696875 0.019765624999999905 0.031937499999999994
0 0.5614817708333334 0.5604843749999999 0.05664062500000006 0.07381250000000002
1 0.39665104166666665 0.449375 0.013843750000000021 0.02468750000000002
0 0.5989453124999999 0.57718359375 0.09123437499999992 0.14221093749999997
