1 0.3510729166666666 0.41632421875 0.034416666666666686 0.0544921875
0 0.5774921875000001 0.50948046875 0.06941145833333333 0.0828984375
0 0.5114635416666666 0.4297070312500001 0.03486458333333336 0.049101562500000015
0 0.371421875 0.45506640625 0.035927083333333346 0.04672656249999996
0 0.6580390625 0.41597656250000004 0.04672395833333335 0.06706250000000002
0 0.7434244791666667 0.46378125 0.10703645833333345 0.07482812499999998
0 0.21673697916666665 0.52884765625 0.10614062499999997 0.06688281250000001
1 0.3817109375 0.44614843749999994 0.009171875000000006 0.017906249999999967
1 0.6155859375000001 0.4224765625 0.027619791666666654 0.04445312499999998
0 0.5566718749999999 0.4104375 0.037739583333333354 0.05053125000000005
0 0.6194531249999999 0.5545234375 0.10544791666666668 0.12450000000000001
0 0.5998333333333332 0.41413671875 0.043124999999999976 0.05558593749999998
1 0.3514713541666667 0.3690078125 0.02158854166666663 0.03859374999999998
0 0.8307057291666666 0.7475859375 0.33858854166666663 0.504828125
