0 0.9055859374999999 0.53291015625 0.18882812499999999 0.9341796875
0 0.8042395833333332 0.705015625 0.17649999999999993 0.28128125000000004
1 0.5277473958333334 0.53251953125 0.012380208333333384 0.02086718750000003
0 0.6684687500000001 0.59323828125 0.0338958333333333 0.04896093749999997
1 0.7825104166666667 0.5505546875 0.0022291666666666523 0.01637500000000003
1 0.7813697916666666 0.5660546875 0.0066250000000000146 0.028640624999999975
0 0.7119140625 0.6347578125 0.06832812500000003 0.11724999999999994
0 0.0482265625 0.6623789062500001 0.057328124999999994 0.0489296875
0 0.7503124999999999 0.6552851562500001 0.12792708333333339 0.2104453125
0 0.7640026041666667 0.60381640625 0.061026041666666704 0.0709921875
1 0.5131093750000001 0.53290625 0.008177083333333298 0.020656250000000043
0 0.5027239583333334 0.58120703125 0.054208333333333296 0.061257812499999974
1 0.0799921875 0.44829687499999993 0.05133854166666667 0.08503125000000003
0 0.8112604166666666 0.60925 0.048302083333333336 0.0663125
0 0.6894895833333333 0.6245820312499999 0.052854166666666674 0.07689843749999996
