1 0.3907890625 0.4923671875 0.023744791666666685 0.037531249999999974
0 0.5493124999999999 0.55982421875 0.04806249999999999 0.0626953125
0 0.7227109375 0.70465625 0.25460937499999997 0.30593750000000003
0 0.6838828125 0.52774609375 0.08186979166666669 0.058320312499999985
1 0.4060260416666666 0.5124453125 0.006812500000000022 0.013328125000000047
1 0.1997890625 0.4679609375 0.02989062500000002 0.045703125
1 0.5814010416666666 0.49241015625000006 0.02085416666666665 0.03372656249999997
0 0.567984375 0.58196484375 0.061885416666666755 0.08228906250000004
1 0.3911484375 0.46002343749999997 0.014828125000000015 0.02642187500000004
0 0.61575 0.60890234375 0.10722916666666672 0.1686484375
