0 0.7632447916666666 0.47215624999999994 0.20460416666666661 0.40103124999999995
0 0.7587942708333333 0.51144140625 0.08793229166666663 0.14946093749999995
1 0.6121041666666667 0.43655859375000006 0.010072916666666742 0.016710937499999988
1 0.8569661458333333 0.30619140625 0.03735937500000001 0.0606484375
0 0.9629140625 0.4753984375 0.07417187500000004 0.169484375
0 0.7506223958333333 0.5024296875 0.05142187500000001 0.08198437500000004
0 0.818140625 0.48657031249999994 0.049354166666666664 0.05453125000000005
1 0.6012526041666667 0.4313828125 0.0069947916666665815 0.017578125
1 0.8533776041666667 0.38131250000000005 0.05947395833333324 0.08787500000000006
0 0.5951666666666665 0.4716875 0.047239583333333356 0.04793750000000001
1 0.375875 0.36978125 0.023531249999999972 0.038078125000000004
