1 0.37610416666666663 0.45777343750000005 0.028583333333333332 0.04512499999999999
0 0.5650598958333333 0.53975 0.05770312499999998 0.07170312499999998
0 0.5103333333333333 0.47005468750000007 0.031479166666666634 0.04232812499999996
0 0.8525130208333334 0.79312109375 0.2949739583333333 0.4137578125
0 0.38308072916666674 0.4925625 0.03208854166666667 0.04178125000000001
0 0.6432812499999999 0.45756250000000004 0.04128125 0.057984374999999935
0 0.7155859375000001 0.5027421875 0.09404687499999996 0.06579687500000002
0 0.03838020833333333 0.6250859375 0.07676041666666666 0.062484375000000016
1 0.3975390625 0.48195703125 0.00792187500000002 0.0154296875
1 0.005546875000000001 0.40169531249999996 0.011093750000000001 0.08046874999999995
1 0.6007734374999999 0.46303125000000006 0.024088541666666668 0.038765625000000005
0 0.5514114583333334 0.45275781249999997 0.03381250000000004 0.04320312499999997
0 0.5929192708333334 0.5713046875 0.07993229166666668 0.10106250000000001
0 0.5905598958333333 0.4564375 0.03842187499999999 0.04759375000000006
1 0.37672656250000003 0.41880078125000003 0.017880208333333356 0.031882812500000045
0 0.6923098958333334 0.64450390625 0.18439062499999997 0.26614843749999995
