1 0.36286979166666666 0.47054296875000007 0.03176041666666667 0.05013281249999997
0 0.5724947916666667 0.5576015625 0.06419791666666666 0.08053124999999994
0 0.5113984375 0.48208984375 0.03338020833333329 0.04474218749999999
0 0.3769453125 0.5077499999999999 0.03424479166666667 0.044140625
0 0.6519791666666667 0.46773046874999996 0.04432291666666662 0.06135156250000007
0 0.7317552083333333 0.5141875 0.10137499999999994 0.07039062500000001
0 0.13592447916666667 0.60891015625 0.10196354166666667 0.06608593750000002
1 0.3891822916666667 0.497265625 0.008614583333333314 0.016750000000000043
1 0.6094375 0.47395703125 0.02605208333333344 0.04186718750000003
0 0.554765625 0.462859375 0.03600000000000006 0.04496875000000004
0 0.6078359375000001 0.59610546875 0.09359895833333336 0.11897656249999997
0 0.5961744791666667 0.46637890624999995 0.04104687499999997 0.04988281250000002
1 0.36341666666666667 0.4270390625 0.0198854166666667 0.03540624999999995
0 0.7706979166666666 0.72478125 0.2798437500000001 0.38790625
