1 0.4082708333333333 0.4122890625 0.017322916666666664 0.027281250000000055
0 0.5242057291666666 0.46397656249999997 0.03504687499999992 0.043593749999999966
0 0.5758072916666668 0.5096171875 0.08758333333333337 0.10553125000000003
1 0.4161354166666667 0.42683984375 0.005208333333333333 0.010257812499999996
0 0.9096953125 0.581734375 0.180609375 0.25299999999999995
1 0.3360104166666667 0.40766015625000007 0.014906250000000003 0.023335937500000004
1 0.004143229166666667 0.33563671875 0.008286458333333333 0.09166406249999999
0 0.5340807291666666 0.47826953124999994 0.04116145833333338 0.051773437500000075
0 0.115265625 0.5282890625000001 0.20101041666666666 0.17407812500000003
1 0.4086692708333333 0.38882421875000006 0.01079687500000001 0.0192890625
0 0.9952369791666666 0.57667578125 0.009526041666666648 0.2254765625
0 0.8294244791666666 0.7794648437499999 0.34115104166666665 0.44107031250000006
0 0.5511536458333334 0.48025390625000003 0.055744791666666654 0.08714843749999997
0 0.055111979166666665 0.58165625 0.11022395833333333 0.14800000000000005
