1 0.38747395833333337 0.4818203125 0.024781250000000022 0.03903125000000003
0 0.5523489583333333 0.55285546875 0.0500729166666666 0.06428906249999997
0 0.5048932291666667 0.4921875 0.02897395833333333 0.03887499999999999
0 0.7698020833333333 0.7412500000000001 0.3177708333333333 0.37165625
0 0.627375 0.47995703125 0.037333333333333364 0.05324218749999998
0 0.6906822916666667 0.52024609375 0.08458333333333326 0.05960156249999997
1 0.4038932291666667 0.5026484375000001 0.007057291666666643 0.013750000000000017
1 0.16550520833333332 0.453890625 0.03358333333333334 0.051125000000000045
1 0.5855390625000001 0.48344921875 0.021578125000000035 0.034757812499999916
0 0.5427369791666667 0.47554296874999996 0.03093229166666666 0.03897656249999999
0 0.5727552083333334 0.577203125 0.06546875000000002 0.085734375
0 0.5788515625 0.47882421875 0.03498437500000004 0.04333593750000002
1 0.38799479166666667 0.44806640625 0.015479166666666622 0.027523437500000015
0 0.6287604166666666 0.61253125 0.11967708333333332 0.18464062500000003
