1 0.4100182291666667 0.43405859375 0.016140625000000006 0.025460937500000023
0 0.5178958333333333 0.48435937500000004 0.03264583333333337 0.040796875000000024
0 0.99840625 0.5311171874999999 0.003187499999999943 0.14564062499999997
0 0.5601510416666666 0.5252265625 0.07433333333333329 0.09076562499999996
1 0.9534947916666667 0.39560546875 0.01694791666666665 0.05258593749999996
1 0.9408307291666667 0.44205859375 0.011817708333333362 0.08766406250000003
0 0.8558645833333334 0.5773125 0.21614583333333334 0.18931250000000005
1 0.3505755208333333 0.43229296875 0.013119791666666695 0.02057031250000003
1 0.11013541666666667 0.38189062500000004 0.03317708333333333 0.06739062500000004
0 0.5265859374999999 0.49790234375000003 0.03774479166666668 0.04777343749999998
0 0.1752265625 0.53348046875 0.15877604166666667 0.14267968749999999
1 0.4104921875 0.41229296875 0.010057291666666638 0.017976562499999994
0 0.9425104166666666 0.577171875 0.11497916666666666 0.17325
1 0.9281510416666667 0.3725546875 0.00877083333333329 0.025499999999999988
0 0.7536666666666666 0.7249882812499999 0.30631249999999993 0.3579296875
0 0.5405598958333333 0.49877734374999994 0.04965104166666663 0.0778359375
0 0.08734375 0.5775703125 0.15220833333333333 0.12385937499999997
