1 0.2914348958333334 0.41485546875 0.0258072916666667 0.04282031249999996
0 0.8693567708333333 0.51599609375 0.1145260416666666 0.08461718749999995
0 0.5479114583333333 0.51316015625 0.05082291666666663 0.06303906250000005
1 0.7520625 0.44308203125 0.005781249999999952 0.027585937499999956
1 0.7479947916666667 0.4683984375 0.008072916666666667 0.047218749999999955
0 0.73371875 0.65916796875 0.22374999999999995 0.3121171875
0 0.7119322916666667 0.5389375 0.10910416666666668 0.10639062499999996
1 0.3972135416666667 0.44163671875 0.009562500000000007 0.0150390625
1 0.2915052083333334 0.42375390625 0.015593749999999969 0.036554687499999974
0 0.5273854166666666 0.49448828124999994 0.03014583333333333 0.03836718750000001
0 0.29453125 0.5062304687499999 0.09258333333333332 0.09011718750000001
0 0.7885989583333334 0.5428007812500001 0.0946354166666667 0.0977578125
1 0.7989609375000001 0.4142304687499999 0.005078125 0.017054687500000033
0 0.6115885416666667 0.58231640625 0.1095312500000001 0.13460156249999997
0 0.5363177083333334 0.49233593750000004 0.037229166666666674 0.058203125
