1 0.4095026041666667 0.43558984375000004 0.015567708333333385 0.024460937500000047
0 0.5135963541666667 0.48373828124999996 0.03149479166666668 0.0392578125
1 0.03731510416666666 0.36165234375 0.054036458333333336 0.0897421875
0 0.9714453125 0.5229296875 0.057109375000000046 0.12982812500000004
0 0.5518854166666666 0.5217421874999999 0.06867708333333328 0.08393749999999996
1 0.8890390625 0.40619921875000004 0.0133177083333333 0.045320312500000036
1 0.8794062500000001 0.44657421875000003 0.008031250000000038 0.0760703125
0 0.810484375 0.5639062499999999 0.18492708333333344 0.166015625
1 0.35561979166666663 0.43576953125000006 0.012312499999999994 0.01925781249999998
1 0.15409114583333333 0.395796875 0.027932291666666664 0.058531250000000014
0 0.5217526041666667 0.4967890625 0.036140624999999996 0.045656250000000044
0 0.19892187499999997 0.53011328125 0.14165624999999998 0.12896093750000004
1 0.40995052083333333 0.41469921875000004 0.00969270833333334 0.01727343750000001
0 0.9206145833333333 0.56447265625 0.15877083333333328 0.15217968749999997
1 0.8908671875 0.37948046875 0.0078489583333333 0.023445312499999992
0 0.6973697916666666 0.67353515625 0.2331666666666667 0.27641406249999995
0 0.5343828125 0.49689843749999996 0.04684895833333336 0.07325
0 0.117265625 0.5716953124999999 0.13572916666666668 0.11234374999999996
