1 0.40303906250000004 0.429203125 0.018911458333333363 0.02982812500000005
0 0.5295807291666667 0.4850703125 0.03823437499999998 0.04740625000000005
0 0.5977317708333333 0.5416484374999999 0.11026562500000002 0.13067187500000008
1 0.41259375000000004 0.44542968750000006 0.0056145833333333785 0.011046874999999989
0 0.981609375 0.70226953125 0.036781249999999946 0.4612109374999999
1 0.3101067708333333 0.41890234374999996 0.01768229166666669 0.027570312500000062
1 0.5578255208333334 0.42909375 0.017338541666666648 0.028046875000000072
0 0.5412473958333333 0.50072265625 0.04590104166666666 0.05744531250000007
0 0.071765625 0.5784609375 0.14353125 0.23520312500000004
1 0.40340624999999997 0.40352734375 0.01179166666666666 0.02107031250000002
0 0.5636067708333333 0.5054023437499999 0.06494270833333336 0.10158593749999997
0 0.007518229166666667 0.63888671875 0.015036458333333334 0.20217968749999998
