0 0.8719947916666667 0.67591015625 0.25601041666666663 0.6481796875000001
0 0.7950598958333333 0.6719570312500001 0.12281770833333343 0.21344531250000004
1 0.5882213541666668 0.5569960937499999 0.011203124999999996 0.01891406249999994
1 0.9575572916666667 0.38865234374999996 0.052937499999999936 0.08449218749999998
0 0.7252083333333333 0.61142578125 0.031729166666666586 0.04753906249999993
0 0.7519010416666667 0.6395937500000001 0.059166666666666735 0.10460937499999998
0 0.7682265625 0.642875 0.09820312499999997 0.17240625000000004
0 0.81171875 0.6157109375 0.056010416666666646 0.06715625000000003
1 0.5757239583333333 0.55708984375 0.007552083333333333 0.019148437499999994
1 0.9536901041666667 0.49359374999999994 0.083984375 0.12389062500000003
0 0.5676510416666666 0.60294140625 0.05056250000000008 0.05861718749999998
1 0.28327604166666664 0.49071484375 0.03324999999999996 0.05427343750000002
0 0.7384375000000001 0.63571484375 0.04751041666666668 0.07150781249999998
