0 0.8675729166666667 0.74256640625 0.26485416666666667 0.5148671874999999
1 0.3617682291666667 0.42549218750000006 0.017140624999999982 0.028609375000000003
0 0.5418020833333334 0.49934765625 0.04076041666666672 0.05124218750000002
1 0.6886953125 0.446671875 0.003390624999999995 0.020328124999999985
1 0.6865494791666666 0.46573828125 0.007203124999999962 0.035085937499999977
0 0.624890625 0.5681406250000001 0.10657291666666661 0.159765625
0 0.7787447916666667 0.66710546875 0.32109375 0.4340859375
0 0.6626718749999999 0.51508984375 0.07780208333333327 0.07961718749999998
1 0.41760156249999997 0.43956249999999997 0.007932291666666676 0.0125
1 0.34702083333333333 0.43285156249999995 0.010968749999999972 0.027078124999999974
0 0.34036197916666666 0.48944921875 0.06968229166666665 0.0703046875
0 0.7202604166666667 0.51974609375 0.06397916666666663 0.07230468749999996
1 0.743328125 0.42032421875 0.0037187500000000523 0.013664062500000008
0 0.5781822916666667 0.5438124999999999 0.07189583333333344 0.08956249999999999
0 0.5336171875000001 0.48050781249999996 0.0312864583333333 0.04890625000000002
