1 0.2363984375 0.400359375 0.03057812500000002 0.05057812500000005
0 0.8900807291666666 0.51056640625 0.13035937499999997 0.0938515625
0 0.535390625 0.5083671875 0.054781249999999976 0.06781250000000005
1 0.7641119791666665 0.4296796875 0.007005208333333357 0.03103125000000002
1 0.7591692708333333 0.457828125 0.008182291666666685 0.05289062500000004
0 0.7970807291666666 0.71375390625 0.32115104166666675 0.4263515625
0 0.7176406249999999 0.53708984375 0.12300000000000004 0.11802343749999995
1 0.3739713541666667 0.4338984375 0.010223958333333331 0.016078124999999943
1 0.2500598958333333 0.4095625 0.017942708333333328 0.04117187500000004
0 0.5127942708333334 0.488375 0.03160937499999997 0.04020312500000003
0 0.2596484375 0.50497265625 0.10318229166666668 0.09880468750000002
0 0.80221875 0.54038671875 0.10868749999999991 0.10778906249999994
1 0.80490625 0.4001796875 0.005635416666666633 0.018468749999999944
0 0.6122317708333332 0.59053515625 0.12878645833333333 0.15597656250000008
0 0.5225364583333333 0.486765625 0.03945833333333339 0.061796875000000015
