0 0.8587864583333332 0.6778203125000001 0.28242708333333333 0.6071406250000001
0 0.7890364583333332 0.661234375 0.11155208333333337 0.19857812500000005
1 0.5983854166666667 0.55398828125 0.01090624999999991 0.01841406249999995
1 0.9307942708333333 0.4006875 0.04828645833333335 0.07704687500000004
0 0.9976692708333333 0.609203125 0.004661458333333357 0.20404687499999996
0 0.7556067708333333 0.6353085937499999 0.05718229166666677 0.10086718750000001
0 0.7675338541666666 0.6353828125 0.091140625 0.16292187499999997
0 0.8176015625 0.6144296875 0.054369791666666716 0.06576562499999997
1 0.5863828125 0.55392578125 0.007411458333333343 0.01863281250000002
1 0.9270546875 0.49628125 0.07666145833333336 0.11320312500000007
0 0.5786588541666667 0.59875390625 0.049723958333333346 0.0571328125
1 0.31664322916666665 0.48425 0.03015104166666666 0.049203125000000014
0 0.7444296874999999 0.632578125 0.04631770833333337 0.06948437499999996
