0 0.8176484375 0.67119140625 0.26694270833333344 0.36185156250000006
1 0.44613802083333337 0.43644921875 0.013838541666666693 0.0232421875
0 0.5963020833333333 0.5013515625 0.03607291666666666 0.045703125
1 0.7212578125 0.456734375 0.002598958333333338 0.017390624999999993
1 0.7196614583333333 0.47325 0.006718750000000048 0.030124999999999957
0 0.65378125 0.55228515625 0.07915625000000001 0.12221093749999996
0 0.7187916666666666 0.58810546875 0.16856250000000006 0.2466796875
0 0.6999010416666667 0.5142773437500001 0.06598958333333335 0.06886718749999998
1 0.48557031250000005 0.44718749999999996 0.007067708333333359 0.011171874999999965
1 0.4300807291666667 0.43930078125000005 0.009015624999999972 0.022929687500000018
0 0.4200052083333334 0.48927343749999996 0.05893749999999998 0.06085937499999998
0 0.75 0.5196953125 0.05297916666666656 0.06257812500000001
0 0.6233072916666667 0.5375624999999999 0.058677083333333255 0.07435937499999996
0 0.5896380208333334 0.48312109375 0.028390624999999996 0.04430468750000003
