1 0.32413281250000003 0.3681328125 0.022286458333333314 0.03737499999999998
0 0.5505208333333333 0.45575390625 0.04727083333333339 0.059273437500000005
1 0.7330468749999999 0.39595703125000004 0.004822916666666662 0.025617187500000017
1 0.7296770833333334 0.41889843750000005 0.007864583333333286 0.04381250000000003
0 0.6875130208333334 0.563828125 0.16695312499999998 0.23878125
0 0.8800885416666666 0.62876953125 0.2398229166666667 0.7424609375
0 0.6982395833333332 0.47824999999999995 0.09716666666666676 0.09704687500000002
1 0.40899479166666663 0.38970312500000004 0.008989583333333329 0.01429687500000001
1 0.31653125 0.377703125 0.013791666666666676 0.03387500000000001
0 0.31601822916666666 0.4456640625 0.0838802083333333 0.08317187499999994
0 0.767828125 0.48290234375 0.08272916666666674 0.08803906250000004
1 0.7844921874999999 0.36807421875 0.004588541666666756 0.016226562499999986
0 0.6028255208333333 0.5152109375 0.09420312499999994 0.11303124999999996
0 0.5402057291666666 0.43694921875 0.035203125000000016 0.05685156249999999
