1 0.36774999999999997 0.47201562500000005 0.030635416666666693 0.04857812499999996
0 0.5698046875 0.56048046875 0.061869791666666646 0.07886718749999995
0 0.5110390625 0.486421875 0.0327135416666667 0.04415624999999999
0 0.9026484375 0.8266640625000001 0.19470312499999995 0.346671875
0 0.3789166666666667 0.508875 0.03354166666666666 0.04356249999999999
0 0.6490911458333334 0.4750234375 0.04325520833333331 0.060453124999999996
0 0.7261927083333333 0.5221289062500001 0.0988645833333333 0.0696328125
0 0.09760937500000001 0.61737890625 0.09962500000000002 0.06549218749999994
1 0.39211979166666666 0.4982148437499999 0.008374999999999962 0.01635156249999996
1 0.6065651041666666 0.47989453125 0.02538020833333334 0.041007812500000004
0 0.5537005208333333 0.4683984375 0.03523437500000005 0.04428124999999996
0 0.6024114583333334 0.596859375 0.08857291666666675 0.11453125000000001
0 0.5943307291666666 0.4727578125 0.04013020833333343 0.04921875
1 0.3684791666666667 0.43014453125 0.0191770833333333 0.034273437500000004
0 0.7392578125 0.7046289062500001 0.23992187500000003 0.3437265625
