1 0.3802578125 0.46126953125 0.027182291666666695 0.043007812500000055
0 0.5605364583333333 0.539921875 0.0549166666666667 0.06890625000000003
0 0.5084635416666666 0.47325 0.03060416666666666 0.041281249999999936
0 0.8306692708333333 0.7828359375 0.33866145833333333 0.43432812500000006
0 0.38467968750000003 0.49510546874999994 0.031057291666666664 0.04071093750000001
0 0.6377395833333334 0.46128515624999994 0.03989583333333328 0.05649218750000005
0 0.7068020833333333 0.50525 0.09067708333333328 0.06414062500000002
1 0.39985677083333326 0.48433593750000004 0.007609375000000007 0.014859374999999985
1 0.06305989583333332 0.41657421875 0.04410937499999999 0.06800781250000001
1 0.5953593749999999 0.46604296874999995 0.023197916666666648 0.037460937500000034
0 0.5483958333333334 0.4563671875 0.032802083333333405 0.04193750000000005
0 0.5854765625 0.56871875 0.07445312499999991 0.09517187500000004
0 0.5864869791666666 0.45999999999999996 0.03721354166666669 0.046218749999999975
1 0.38078124999999996 0.42423828125000007 0.016999999999999994 0.030367187500000004
0 0.665875 0.6254570312500001 0.15644791666666671 0.2313203125
