1 0.408328125 0.424515625 0.016958333333333304 0.02659374999999997
0 0.5216380208333333 0.47563281249999995 0.03426562500000004 0.042484375
0 0.5701614583333333 0.5203671875 0.08318749999999996 0.10020312499999999
1 0.41576302083333333 0.43862500000000004 0.005109374999999972 0.010031250000000025
0 0.8972265625 0.5860937500000001 0.20554687500000005 0.2301875
1 0.3402760416666667 0.42129296875 0.014333333333333325 0.022335937499999937
1 0.02846875 0.35876562500000003 0.04280208333333334 0.08279687500000002
0 0.5311223958333333 0.48978515624999996 0.04005729166666671 0.05025781250000003
0 0.13443489583333335 0.53721484375 0.1870052083333333 0.1628671875
1 0.4088098958333333 0.4015625 0.010567708333333314 0.018796874999999956
0 0.97715625 0.58265234375 0.04568750000000001 0.20685156249999997
1 0.9833307291666666 0.34712109375 0.01023437499999993 0.028835937499999974
0 0.8180494791666667 0.77983203125 0.3639010416666667 0.4403359375
0 0.5471874999999999 0.49168359375000004 0.053812499999999965 0.08383593749999996
0 0.06341406249999999 0.5870585937499999 0.12682812499999999 0.14080468749999991
