1 0.3150364583333333 0.4347578125 0.0431979166666667 0.06846875
0 0.5964244791666666 0.54916796875 0.08677604166666673 0.10330468749999992
0 0.5140859375000001 0.4527734375 0.0389010416666667 0.05281250000000002
0 0.3582395833333333 0.48126953125000005 0.04087499999999995 0.05144531250000002
0 0.6772682291666666 0.439328125 0.05349479166666669 0.07265625
0 0.7803854166666666 0.49224218749999993 0.1239895833333333 0.08546874999999998
0 0.5031848958333334 0.47817578125000004 0.1130572916666667 0.07653906249999994
1 0.36195572916666663 0.47130859375 0.010869791666666668 0.021085937500000006
1 0.636828125 0.44581640624999996 0.03231249999999998 0.05188281249999997
0 0.5644453125000001 0.43154296875 0.04248437499999997 0.05455468749999994
0 0.6674036458333333 0.6177421875 0.15375520833333337 0.18276562499999996
0 0.6124244791666666 0.4358046875 0.048890624999999945 0.05998437499999998
1 0.31560677083333327 0.37557421875 0.027171874999999977 0.04850781249999998
