1 0.3699765625 0.46425 0.030088541666666656 0.04768749999999997
0 0.5687239583333332 0.5506796875 0.06079166666666668 0.07657812499999998
0 0.5109765625 0.47779296875000005 0.03240104166666662 0.043726562499999934
0 0.886515625 0.81392578125 0.22696875 0.37214843750000004
0 0.38015364583333333 0.5005390625 0.033140625 0.04309374999999997
0 0.6477005208333334 0.46588671875000004 0.042765625000000064 0.05988281249999998
0 0.7235807291666667 0.51250390625 0.0976197916666667 0.06880468749999995
0 0.08030729166666667 0.616171875 0.09828125 0.064546875
1 0.3936458333333333 0.48987109375000004 0.008250000000000016 0.016117187499999998
1 0.6051484375 0.47108203125000003 0.025046875000000076 0.04044531249999998
0 0.5532109374999999 0.45991796875 0.03488020833333335 0.04413281250000001
0 0.6000338541666667 0.5856328125 0.08627604166666672 0.110359375
0 0.5934635416666666 0.46393749999999995 0.03969791666666668 0.04874999999999998
1 0.3706067708333334 0.4231328124999999 0.018828124999999987 0.03367187500000002
0 0.7258177083333334 0.6829453125 0.22361458333333328 0.3199062500000001
