1 0.36576041666666664 0.47686328125 0.031197916666666714 0.04939843750000002
0 0.5714973958333334 0.5648125 0.06302604166666666 0.08031250000000005
0 0.5115651041666667 0.49018750000000005 0.03304687499999996 0.0444375
0 0.3782682291666667 0.5139296874999999 0.03391145833333334 0.04417187500000006
0 0.650875 0.4773203125 0.043770833333333314 0.06085937499999998
0 0.7293359375 0.52387890625 0.10010937500000001 0.06989843749999994
0 0.1166484375 0.6182734375000001 0.10091145833333331 0.066296875
1 0.39103125 0.5033515625 0.008500000000000027 0.016562499999999945
1 0.6083411458333333 0.482703125 0.02570312500000007 0.041437499999999974
0 0.5545807291666667 0.47155859375000003 0.03560937500000006 0.04455468749999998
0 0.6054583333333333 0.60224609375 0.09104166666666676 0.11755468750000002
0 0.59559375 0.47553125000000007 0.040572916666666715 0.049515624999999994
1 0.36643489583333333 0.4341953125 0.01952604166666667 0.03484375000000002
0 0.7544973958333333 0.71975390625 0.2584635416666667 0.3662265625000001
