1 0.2886666666666667 0.42388671875000006 0.04820833333333333 0.07655468750000005
0 0.6008697916666667 0.5495625000000001 0.09621875 0.11304687499999995
0 0.5098697916666667 0.4447968749999999 0.04078125000000003 0.055984374999999975
0 0.231734375 0.40094140624999997 0.05422916666666667 0.056367187499999985
0 0.34658593749999994 0.47389062499999995 0.04328645833333334 0.05401562499999999
0 0.6806197916666666 0.43212890625 0.05666666666666664 0.0767578125
0 0.7923255208333333 0.48748828125 0.1319427083333334 0.09107031249999994
0 0.671609375 0.44844921875 0.12521875000000005 0.08158593750000005
1 0.346234375 0.463875 0.011760416666666629 0.02279687500000005
1 0.6418854166666667 0.4384492187499999 0.03463541666666667 0.05571093750000004
0 0.5626145833333334 0.42278906250000003 0.04470833333333341 0.05787500000000003
0 0.6925130208333333 0.635703125 0.18698437500000012 0.21771874999999996
0 0.6127864583333333 0.42748828124999994 0.05159374999999997 0.06355468750000001
1 0.2892734375 0.357609375 0.030380208333333356 0.054296875
