0 0.9065338541666667 0.74771875 0.18693229166666672 0.5045625
1 0.35234635416666665 0.42717578125000005 0.018338541666666687 0.030617187499999955
0 0.5428723958333334 0.50690234375 0.04235937500000002 0.05330468750000002
1 0.69859375 0.4530390625 0.0037083333333332766 0.02134374999999995
1 0.6961223958333334 0.4730117187499999 0.007411458333333343 0.036835937499999985
0 0.6373255208333333 0.584671875 0.11884895833333337 0.17804687500000008
0 0.8203229166666667 0.7281601562500001 0.3593541666666667 0.5436796875
0 0.67034375 0.52571484375 0.08241666666666667 0.0838828125
1 0.41442968750000003 0.443609375 0.008203125 0.012937500000000046
1 0.33852343749999997 0.436171875 0.011651041666666669 0.028468749999999952
0 0.3330885416666666 0.49517187499999993 0.07328125000000002 0.07357812499999997
0 0.730875 0.5308046875000001 0.06837499999999999 0.07673437499999994
1 0.752734375 0.42687890624999997 0.0039270833333333146 0.014164062499999996
0 0.5829401041666666 0.554890625 0.07701562500000006 0.09682812500000004
0 0.5341588541666666 0.48767187500000003 0.03229687499999993 0.05057812500000001
