1 0.33712760416666665 0.444546875 0.038015625000000004 0.06004687500000001
0 0.5863619791666667 0.54548828125 0.07667187500000001 0.09221093749999998
0 0.5133958333333334 0.45856250000000004 0.03664583333333334 0.04932812499999999
0 0.3664453125 0.48703906250000006 0.03806770833333335 0.04835937499999998
0 0.6672630208333333 0.443640625 0.0496822916666666 0.06809375000000006
0 0.7604036458333333 0.49323828125 0.114453125 0.07894531249999996
0 0.334046875 0.52127734375 0.1099270833333333 0.07052343749999998
1 0.3740703125 0.47724609375 0.009890625000000005 0.019179687499999966
1 0.6254427083333333 0.4505156250000001 0.029635416666666595 0.04751562500000004
0 0.560828125 0.43803515624999995 0.03981250000000003 0.05091406249999997
0 0.6392161458333334 0.5985 0.12395312500000001 0.149984375
0 0.6061197916666666 0.44159375 0.04564583333333327 0.056062499999999994
1 0.33752604166666667 0.39261328124999995 0.02386458333333336 0.04250781250000002
0 0.8632708333333333 0.76525390625 0.2734583333333333 0.46949218750000005
