0 0.8966119791666666 0.6141875000000001 0.20677604166666666 0.771625
0 0.805015625 0.7027695312500001 0.15911458333333334 0.2620234375
1 0.5496067708333333 0.54366796875 0.012036458333333281 0.020335937499999977
0 0.6885 0.60498046875 0.03327083333333327 0.04913281250000008
1 0.7997135416666666 0.56348046875 0.002124999999999962 0.01616406250000004
1 0.7986328125 0.5786953125000001 0.006630208333333343 0.02823437499999999
0 0.7276796875 0.643453125 0.0655364583333333 0.11457812500000006
0 0.08130989583333334 0.66678515625 0.055703125 0.048070312499999976
0 0.7597734374999999 0.6591484375000001 0.11883854166666659 0.20071874999999997
0 0.78178125 0.61549609375 0.05965624999999998 0.07077343750000002
1 0.535578125 0.5433359375 0.008000000000000007 0.020265625000000044
1 0.9985572916666666 0.49833203125000003 0.0028854166666666477 0.1636796875
0 0.5251718750000001 0.5910898437500001 0.05318750000000006 0.060867187499999975
1 0.1584817708333333 0.46038671875000003 0.04504687499999997 0.07391406250000002
0 0.8282942708333334 0.6213984375 0.046973958333333364 0.06624999999999996
0 0.7075390625 0.63473828125 0.05124479166666672 0.07622656250000004
