0 0.8187135416666667 0.620453125 0.2555208333333333 0.49709375
0 0.7813463541666666 0.631234375 0.09879687500000003 0.17746874999999998
1 0.6099479166666666 0.54065625 0.010510416666666699 0.01771874999999996
1 0.8952005208333332 0.3912265625 0.04272395833333332 0.068515625
0 0.983484375 0.5739609375000001 0.03303125000000004 0.18479687500000005
0 0.76015625 0.6137734375000001 0.05459375000000009 0.0944375
0 0.8248489583333334 0.59398828125 0.05237499999999997 0.06233593750000006
1 0.5988229166666666 0.5408828124999999 0.007197916666666752 0.017906249999999967
1 0.8931822916666666 0.47638671875 0.06801041666666675 0.10061718749999997
0 0.5924947916666667 0.5846289062500001 0.04847916666666675 0.05455468750000003
1 0.34999739583333334 0.4776328125 0.026734374999999963 0.04367187500000007
0 0.7521614583333334 0.612890625 0.04473958333333326 0.06531249999999993
