0 0.8362916666666665 0.74267578125 0.32741666666666674 0.5146484375
1 0.37314062500000006 0.42907812500000003 0.015645833333333373 0.02614062500000003
0 0.5394635416666667 0.49801171875000005 0.03857291666666664 0.0486328125
1 0.6754036458333333 0.44872265625 0.002994791666666667 0.01891406250000003
1 0.6735677083333333 0.46657421874999994 0.006937500000000085 0.03267968750000003
0 0.6096874999999999 0.55759375 0.09255208333333335 0.140515625
0 0.7112265625 0.6186015625 0.23169270833333327 0.32687499999999997
0 0.6518411458333333 0.5118203125 0.07185937500000002 0.0743125
1 0.421203125 0.44113671875 0.00756249999999999 0.011929687499999985
1 0.3574557291666667 0.43427734375 0.010098958333333326 0.025242187499999957
0 0.3490989583333333 0.4879609374999999 0.06507291666666669 0.06615624999999996
0 0.7055885416666666 0.5165429687499999 0.05837499999999996 0.06742968750000004
0 0.5713359375000001 0.53842578125 0.06545312499999992 0.08194531249999999
0 0.5319765625 0.4794921875 0.029921874999999966 0.04676562499999992
