0 0.8043020833333333 0.6929531250000001 0.18990624999999994 0.2920781250000001
1 0.5123541666666667 0.5094101562500001 0.012635416666666661 0.021195312499999997
0 0.6544036458333333 0.570640625 0.034296875000000074 0.047812499999999945
1 0.7706223958333334 0.52782421875 0.0022968749999999244 0.016367187500000036
1 0.7693723958333333 0.5435195312500001 0.006640625 0.028695312500000014
0 0.7006640625 0.61430859375 0.07026562500000004 0.11749218749999998
0 0.026942708333333332 0.6418671875 0.053885416666666665 0.04846874999999997
0 0.7436875000000001 0.63832421875 0.13460416666666658 0.21438281249999996
0 0.7514947916666667 0.5818007812499999 0.061947916666666575 0.0700234375
1 0.49732291666666667 0.5102734375000001 0.008322916666666676 0.02078125000000002
0 0.48686979166666666 0.55891015625 0.055010416666666666 0.060257812499999994
1 0.021411458333333334 0.42058203125000004 0.04282291666666667 0.09480468749999997
0 0.7992734375 0.5872187500000001 0.04918229166666658 0.06512500000000002
0 0.6766640625000001 0.60306640625 0.05392187499999999 0.07585156250000002
