1 0.3882942708333334 0.49017187500000003 0.02443229166666665 0.038578125
0 0.5511354166666665 0.5597578125 0.0494166666666666 0.06425
0 0.5042057291666667 0.50037890625 0.028755208333333292 0.03863281250000004
0 0.7519713541666666 0.73167578125 0.2937864583333333 0.3488515625
0 0.6256041666666667 0.48777734375000004 0.03695833333333335 0.052851562499999984
0 0.6881796875 0.5270625 0.08367187500000005 0.05940624999999997
1 0.4043463541666667 0.51071484375 0.006973958333333326 0.013632812500000036
1 0.17736979166666664 0.46371484375000005 0.032270833333333325 0.04924218750000007
1 0.5838541666666667 0.49096875000000006 0.021333333333333353 0.034453125000000015
0 0.541671875 0.48372265625 0.030666666666666665 0.03872656250000004
0 0.5709557291666667 0.58332421875 0.06427604166666671 0.08517968749999998
0 0.5774973958333334 0.48683203124999996 0.03466145833333331 0.043039062500000023
1 0.38871875 0.45689843750000003 0.015260416666666643 0.027171874999999977
0 0.6239661458333333 0.61559375 0.11527604166666675 0.18003124999999995
