1 0.3261796875 0.36283203125 0.021890624999999986 0.0366171875
0 0.54896875 0.44740234375 0.04680208333333334 0.05928906249999999
1 0.728765625 0.38732421875 0.004708333333333314 0.025382812500000008
1 0.7254791666666667 0.40998046875 0.0078125 0.04338281249999998
0 0.6809713541666668 0.55096484375 0.1612239583333333 0.23063281250000003
0 0.871234375 0.6591210937499999 0.25753125000000004 0.6817578125
0 0.6946119791666666 0.46799999999999997 0.09565104166666671 0.09540625
1 0.40865364583333336 0.3826796875 0.008921874999999998 0.014156250000000004
1 0.31778645833333335 0.372328125 0.013583333333333355 0.03351562499999998
0 0.3168671875 0.43877734375 0.08283854166666664 0.08272656250000003
0 0.7632656250000001 0.4721718750000001 0.08123958333333334 0.08642187500000001
1 0.7805885416666667 0.35892578125 0.004520833333333248 0.016132812499999982
0 0.5999661458333333 0.50503125 0.09239062500000005 0.11053124999999993
0 0.5388151041666667 0.4286484375 0.03492187499999998 0.05681250000000002
