1 0.321734375 0.43277734374999993 0.04139583333333334 0.06571093750000001
0 0.5919817708333334 0.5442890625000001 0.08324479166666662 0.09937499999999995
0 0.5129322916666667 0.45071484375 0.038156249999999996 0.052101562499999955
0 0.35997395833333334 0.47809375000000004 0.03994791666666669 0.050562500000000024
0 0.6730494791666667 0.43791796875000005 0.05221354166666667 0.07155468750000002
0 0.7727135416666667 0.49046484375 0.12076041666666662 0.08400781249999997
0 0.44313020833333333 0.48816796875 0.11131249999999995 0.0751015625
1 0.36509114583333335 0.4683125 0.010536458333333342 0.020484374999999933
1 0.6320703125 0.44418749999999996 0.0314114583333333 0.05057812499999992
0 0.5623411458333334 0.43005078124999996 0.041598958333333394 0.053773437500000035
0 0.6561770833333334 0.6073906250000001 0.14272916666666677 0.17073437499999997
0 0.6094348958333333 0.43441796875000005 0.04780729166666665 0.05911718749999997
1 0.3222421875 0.37610937499999997 0.02602604166666668 0.04653125
0 0.9087526041666666 0.7739453125 0.1824947916666667 0.45210937500000004
