0 0.8568619791666666 0.7475898437499999 0.2862760416666667 0.5048203124999999
1 0.3653020833333333 0.4355234375 0.01668749999999998 0.027828125000000002
0 0.5408567708333334 0.5092109375 0.04007812500000003 0.05046875000000002
1 0.6846223958333333 0.45793359375 0.0032656249999999903 0.019773437499999956
1 0.6825364583333332 0.47661718750000004 0.00713541666666669 0.034171875000000004
0 0.620046875 0.575234375 0.10215624999999993 0.15535937500000002
0 0.755984375 0.6641796875 0.29008333333333336 0.39746875
0 0.6592083333333333 0.52506640625 0.07597916666666661 0.0781328125
1 0.4185520833333333 0.44916796875 0.007822916666666657 0.012320312500000074
1 0.350140625 0.44214062500000006 0.010708333333333304 0.026406250000000055
0 0.3427421875 0.49824609375 0.06834895833333328 0.06910156250000003
0 0.715640625 0.52987890625 0.062239583333333334 0.07146093750000002
1 0.7393203125 0.432046875 0.0036302083333333477 0.013375000000000003
0 0.5758802083333333 0.55228515625 0.06989583333333335 0.08852343750000005
0 0.5328802083333334 0.49033984375 0.030885416666666644 0.048273437499999974
