0 0.8775598958333333 0.6673203125 0.24488020833333338 0.6653593750000001
0 0.7976770833333333 0.67013671875 0.12697916666666664 0.2177734375
1 0.5850963541666666 0.5511874999999999 0.011317708333333343 0.019078125000000057
1 0.9692682291666667 0.37980859375 0.05471354166666664 0.08753906249999996
0 0.7224973958333334 0.60594140625 0.0319947916666667 0.0474609375
0 0.7508437499999999 0.6351835937500001 0.059895833333333336 0.10539843749999997
0 0.7688697916666667 0.6396953125 0.10075000000000003 0.17482812500000006
0 0.8099427083333334 0.61069140625 0.05657291666666673 0.06732031249999997
1 0.5724166666666667 0.55126171875 0.007614583333333276 0.019242187499999997
1 0.9607942708333332 0.48823046875 0.07841145833333331 0.1282109375
0 0.5641197916666667 0.597390625 0.05087500000000003 0.05859375
1 0.27145572916666666 0.48478515625000007 0.03443229166666668 0.05613281250000002
0 0.7365546875 0.6308164062499999 0.04794270833333331 0.07169531250000008
