1 0.21479687499999997 0.40244140625 0.03264583333333334 0.05399218749999997
0 0.9001692708333333 0.5221015625 0.1367864583333334 0.09760937499999996
0 0.532078125 0.517578125 0.0562604166666666 0.06978124999999995
1 0.7709192708333333 0.43626953124999995 0.0075156250000000336 0.032210937500000016
1 0.7655833333333334 0.46553515624999997 0.008197916666666671 0.0548828125
0 0.8231588541666668 0.7546953125 0.35368229166666665 0.490609375
0 0.7216901041666667 0.54863671875 0.12868229166666675 0.12350781249999994
1 0.3667005208333334 0.44033203125 0.01047395833333334 0.016476562499999937
1 0.23523177083333333 0.4123984375 0.01892187499999999 0.04289062500000003
0 0.5087369791666666 0.49672265625000006 0.03213020833333336 0.04096093749999996
0 0.2475390625 0.5136289062499999 0.10749479166666669 0.10247656249999997
0 0.809484375 0.55191015625 0.11446874999999998 0.1135703125
1 0.8089036458333333 0.40698046874999994 0.005848958333333343 0.018914062499999985
0 0.6141770833333333 0.60558984375 0.1369479166666667 0.16791406249999996
0 0.5187526041666667 0.49545312500000005 0.04030729166666672 0.06326562499999992
