1 0.3486692708333333 0.42584375 0.0350572916666667 0.05571875
0 0.5791640625 0.52255859375 0.070703125 0.08467968750000007
0 0.5119270833333334 0.44063281249999997 0.03517708333333332 0.04896875000000005
0 0.3706510416666667 0.46564843749999996 0.03631250000000001 0.04679687499999998
0 0.6597916666666668 0.42763671875 0.047239583333333356 0.06700781249999999
0 0.7465755208333335 0.47644140625000003 0.10835937499999998 0.07619531249999997
0 0.23916666666666664 0.5313281249999999 0.10688541666666665 0.068265625
1 0.3803984375 0.45666015625 0.009296874999999953 0.01819531249999997
1 0.617453125 0.43383984375000006 0.027979166666666562 0.045195312500000015
0 0.5575338541666668 0.42141406249999996 0.03809895833333326 0.050406249999999986
0 0.6229739583333334 0.568609375 0.1086458333333334 0.13064062499999993
0 0.6010703125 0.42537109375000004 0.04356770833333338 0.055445312500000024
1 0.3491067708333333 0.37759375 0.021984375000000018 0.039437500000000014
0 0.8356979166666666 0.75298046875 0.3286041666666667 0.4940390625
