1 0.40612760416666666 0.436015625 0.01785937499999998 0.028140624999999985
0 0.5255624999999999 0.4900546875 0.036104166666666694 0.04487500000000004
0 0.582453125 0.5402695312500001 0.0947083333333333 0.11358593749999998
1 0.41451041666666666 0.4511640625 0.005343749999999995 0.010515625000000028
0 0.9305677083333334 0.6322070312499999 0.13886458333333326 0.29557031250000004
1 0.32731770833333335 0.42931640625 0.01580208333333335 0.024648437499999964
1 0.5529114583333334 0.43611328125000004 0.016531250000000004 0.0267578125
0 0.5360390625 0.5049414062500001 0.04273437500000003 0.053695312500000016
0 0.09634635416666668 0.56373828125 0.19269270833333335 0.19282031250000004
1 0.4065651041666667 0.4118046875 0.011130208333333336 0.019875000000000042
0 0.8527369791666667 0.79998828125 0.2945260416666667 0.40002343749999997
0 0.5548359375 0.5081757812500001 0.05877604166666668 0.09197656250000001
0 0.039653645833333334 0.61772265625 0.07930729166666667 0.16897656250000007
