1 0.40902343750000003 0.431546875 0.014796874999999984 0.023203125000000036
1 0.15023177083333333 0.38558203124999996 0.040817708333333334 0.06700781249999994
0 0.9400390625 0.513875 0.119921875 0.11126562500000006
0 0.5414765625 0.51312109375 0.0617447916666667 0.07574218749999995
1 0.8202005208333334 0.4167734375 0.009744791666666686 0.037687500000000006
1 0.8131901041666666 0.45058984375 0.00809895833333331 0.06372656249999994
0 0.8629375 0.755859375 0.27412499999999995 0.48828125
0 0.7596432291666666 0.5475625 0.15160937499999996 0.14045312499999998
1 0.36215885416666665 0.4335859375 0.011307291666666686 0.017671875000000004
1 0.20210677083333334 0.40220312499999994 0.022536458333333325 0.04935937499999996
0 0.5152734375 0.490546875 0.033994791666666656 0.04296875
0 0.22684635416666665 0.5171445312499999 0.12209895833333334 0.11339843749999998
1 0.40952864583333337 0.41182421874999997 0.009213541666666636 0.01639843750000001
0 0.8599218750000001 0.54935546875 0.13813541666666668 0.1286171875
1 0.845765625 0.3871328125 0.006718749999999929 0.02096874999999998
0 0.6463567708333334 0.6251796875 0.17181770833333337 0.205578125
0 0.5263828125 0.48990234375 0.04327604166666668 0.06755468749999993
0 0.15290625 0.55526953125 0.11659375 0.09772656249999993
