1 0.332265625 0.43839843749999996 0.02069791666666667 0.034171875000000004
0 0.5450963541666667 0.517125 0.04545312499999999 0.05643750000000001
1 0.7163463541666667 0.45416796875000004 0.0043697916666666 0.023320312500000016
1 0.7135390625 0.47596875 0.0077031250000001 0.040156250000000074
0 0.663671875 0.61328515625 0.1463229166666667 0.21453906249999993
0 0.8490885416666667 0.73116796875 0.30182291666666666 0.5376640625
0 0.6849062499999999 0.53525 0.09143749999999998 0.09121874999999999
1 0.4082630208333333 0.45399609375 0.008692708333333361 0.013570312500000004
1 0.3219322916666666 0.44812890625 0.012947916666666674 0.03080468750000005
0 0.31982031250000004 0.5135390624999999 0.07980729166666661 0.07867187499999995
0 0.7510130208333334 0.53829296875 0.07714062499999995 0.08372656250000006
1 0.769 0.42488671875 0.004333333333333419 0.01514843749999999
0 0.59246875 0.5717148437499999 0.08744791666666671 0.10916406250000002
0 0.535375 0.497375 0.03409375000000002 0.052953124999999976
