0 0.8130104166666666 0.66609375 0.2428229166666667 0.3375937500000001
1 0.46497916666666667 0.44555078125 0.013500000000000038 0.022695312500000054
0 0.6125781250000001 0.509953125 0.03559374999999996 0.04520312500000001
1 0.7352708333333333 0.46587890625000006 0.002520833333333409 0.01702343750000006
1 0.7337552083333333 0.4821328125 0.006687499999999957 0.02954687499999995
0 0.6672421875 0.5590234374999999 0.076703125 0.11990625000000002
0 0.7260755208333334 0.592046875 0.1586510416666666 0.23439062500000007
0 0.7144583333333333 0.522609375 0.06489583333333329 0.06807812499999999
1 0.503234375 0.456078125 0.0069687499999999975 0.011031250000000003
1 0.4490885416666667 0.44796484375 0.008812500000000037 0.022398437500000055
0 0.43885677083333335 0.49749218749999996 0.05778645833333336 0.05993750000000002
0 0.7639192708333333 0.5279570312499999 0.051963541666666654 0.06232031249999999
0 0.6384296875000001 0.54509375 0.05739062500000003 0.07381250000000002
