0 0.9279192708333334 0.7562656249999999 0.14416145833333333 0.48746875
1 0.347328125 0.45317187499999995 0.018833333333333376 0.03150000000000004
0 0.5426067708333332 0.53496484375 0.04302604166666661 0.05621093750000004
1 0.7014791666666668 0.4800546875 0.0038437499999999384 0.021453125000000028
1 0.6989973958333333 0.50059375 0.007463541666666629 0.03751562499999998
0 0.6420807291666667 0.6169140625 0.12446354166666668 0.19140625
0 0.8252630208333334 0.744921875 0.34947395833333333 0.51015625
0 0.6727630208333333 0.554484375 0.08434895833333336 0.08892187499999996
1 0.41233854166666667 0.4703515625 0.008302083333333302 0.013125000000000053
1 0.33411979166666667 0.46285546875000005 0.011927083333333382 0.028726562499999986
0 0.3294270833333333 0.52409765625 0.07470833333333336 0.07536718750000002
0 0.7345078125000001 0.5596523437500001 0.07023437500000007 0.08191406250000002
1 0.7551901041666667 0.45377343749999993 0.0040052083333333615 0.01420312499999996
0 0.5842838541666667 0.584453125 0.07927604166666669 0.10390625
0 0.5336536458333333 0.51613671875 0.03268229166666667 0.05164843750000001
