1 0.3041171875 0.43721484374999997 0.024578125000000027 0.04071093750000001
0 0.8626484375000001 0.53350390625 0.11029687499999999 0.08313281250000007
0 0.5505703125 0.5315078125 0.04973437499999995 0.06306250000000002
1 0.7474791666666667 0.46259375 0.00546875 0.026374999999999992
1 0.7437578125 0.48730078125 0.008036458333333366 0.045632812500000064
0 0.7194765625 0.6636796875 0.2037447916666667 0.2919843750000001
0 0.7095130208333332 0.555375 0.10539062500000007 0.10554687499999993
1 0.40270312500000005 0.461703125 0.009364583333333284 0.014687499999999964
1 0.30145833333333333 0.44636328125 0.014968750000000005 0.034914062500000044
0 0.5307265625 0.5134765625 0.029744791666666614 0.03829687499999999
0 0.3032317708333333 0.5263125 0.08967187499999998 0.0876875
0 0.7840052083333333 0.559171875 0.09093749999999995 0.09742187500000003
1 0.7958906250000001 0.43392578125 0.004927083333333234 0.01652343749999998
0 0.6106536458333333 0.59683984375 0.10461979166666673 0.1321171875
0 0.5393463541666667 0.5114492187499999 0.036588541666666724 0.05721093750000002
