0 0.8061953125 0.6777734375 0.20489062499999994 0.30303125
1 0.4976432291666667 0.48128515625000007 0.012901041666666658 0.021585937499999996
0 0.6408958333333333 0.5439882812500001 0.03465624999999998 0.04632031250000006
1 0.7594348958333333 0.50142578125 0.0023697916666667613 0.016335937499999974
1 0.7580286458333333 0.5173281249999999 0.006661458333333314 0.028718749999999994
0 0.6899609375 0.5898554687500001 0.07220312499999994 0.11727343750000001
0 0.015763020833333332 0.61366796875 0.031526041666666664 0.047507812499999955
0 0.7380130208333334 0.61752734375 0.14171354166666664 0.2176953125
0 0.7395182291666667 0.5561015625 0.06282812500000005 0.06868749999999997
1 0.5341432291666666 0.49119531250000004 0.006807291666666633 0.010703125000000036
1 0.48221614583333333 0.48256250000000006 0.008473958333333325 0.021187500000000005
0 0.4716015625 0.5316835937500001 0.055869791666666654 0.05885156250000003
0 0.7877942708333333 0.5616953125 0.05000520833333333 0.06354687500000003
0 0.6643385416666666 0.5775 0.05493750000000001 0.074328125
