0 0.8803489583333334 0.7452578125 0.23930208333333336 0.509484375
1 0.357828125 0.42726171874999996 0.017593749999999984 0.029398437499999996
0 0.5419010416666666 0.50364453125 0.04136458333333337 0.052132812500000014
1 0.6920937500000001 0.45068359375 0.0035104166666666712 0.02071093749999999
1 0.6898307291666667 0.47009765625 0.007286458333333338 0.035757812499999986
0 0.6291822916666666 0.57584765625 0.11112500000000007 0.1671015625
0 0.8046666666666666 0.69280859375 0.3576875 0.47728906249999997
0 0.6652578125 0.520796875 0.079546875 0.08140625000000004
1 0.416078125 0.44230078125 0.008031250000000038 0.012679687500000014
1 0.34344010416666665 0.43525390625 0.01122395833333331 0.027617187499999928
0 0.3372890625 0.49284765625000004 0.07103645833333333 0.07164843750000002
0 0.7239505208333334 0.5258046875 0.06564062499999998 0.074015625
1 0.7465338541666667 0.42453515625 0.0037968749999999813 0.013851562500000015
0 0.5796614583333333 0.5494453125 0.07382291666666667 0.092671875
0 0.5335156249999999 0.4846328125 0.03166666666666664 0.04962499999999999
