1 0.3995546875 0.47711718750000004 0.02163020833333332 0.034171875000000004
0 0.5442161458333333 0.53987890625 0.04379687500000002 0.056039062500000014
0 0.6573697916666668 0.629375 0.17096875 0.20678125000000006
0 0.6709609375 0.5111953125 0.076171875 0.05407812500000002
1 0.4121979166666667 0.49582031249999997 0.006302083333333345 0.012328124999999978
1 0.25983854166666664 0.45688671875000003 0.02368750000000001 0.0365234375
1 0.5746796875 0.4771484375 0.019359375000000036 0.03129687499999996
0 0.559578125 0.5582890625 0.054677083333333404 0.07142187500000005
1 0.3999140625 0.44768359375000005 0.01349479166666665 0.024085937500000033
0 0.5941067708333333 0.5726796875 0.0859010416666667 0.1346875
