0 0.8831692708333333 0.6577890625 0.23366145833333338 0.684421875
0 0.8019348958333334 0.6800312500000001 0.13532812500000008 0.2296875
1 0.5776614583333334 0.5497265625000001 0.011520833333333395 0.01946874999999997
1 0.9824921875 0.3768203125 0.03501562500000001 0.09389062499999996
0 0.7154505208333333 0.60707421875 0.03239062500000003 0.04808593750000005
1 0.8207682291666667 0.5632187500000001 0.0020781249999998865 0.01559374999999994
1 0.8200442708333334 0.577984375 0.006588541666666596 0.027218750000000024
0 0.7470885416666666 0.6388984375 0.06131250000000001 0.108203125
0 0.7688776041666666 0.64626953125 0.10566145833333339 0.1821328125
0 0.8046927083333333 0.61384375 0.0575104166666667 0.0685625
1 0.5645755208333334 0.54958984375 0.007723958333333414 0.01950781250000002
1 0.9712552083333333 0.49259765624999996 0.05748958333333339 0.13735156249999997
0 0.5556015625 0.596203125 0.0515260416666667 0.05931250000000006
1 0.24653645833333335 0.4772890625 0.03697916666666667 0.060484374999999965
0 0.7310364583333334 0.6333359375000001 0.04885416666666664 0.07318749999999996
