0 0.8109869791666667 0.66218359375 0.23213020833333337 0.3259765625
1 0.47369791666666666 0.44718749999999996 0.013343749999999942 0.02243750000000002
0 0.6200208333333334 0.51171875 0.035343749999999945 0.04495312499999997
1 0.7417369791666667 0.4683359375 0.0024739583333333332 0.01687500000000002
1 0.7402291666666667 0.48446484375 0.0066770833333334185 0.029289062500000008
0 0.6732838541666666 0.5601171875000001 0.07550520833333335 0.11846874999999998
0 0.729296875 0.5916874999999999 0.15404166666666677 0.22859375
0 0.7210755208333334 0.5244921875 0.0643489583333333 0.06771875000000005
1 0.5113958333333334 0.45775390624999995 0.006927083333333309 0.010960937500000068
1 0.4578802083333333 0.4493515625000001 0.008729166666666661 0.022171874999999997
0 0.44748697916666663 0.49852734375 0.05728645833333334 0.05946093750000001
0 0.7702291666666667 0.53001953125 0.0514375 0.06203906249999998
0 0.6452708333333333 0.5464921875 0.056739583333333364 0.07326562499999997
