1 0.33338020833333337 0.43517968749999997 0.038822916666666644 0.06135937499999997
0 0.5879088541666667 0.5370273437499999 0.07827604166666664 0.09275781250000001
0 0.5134244791666667 0.44895703124999997 0.03703645833333334 0.05052343749999997
0 0.36508854166666665 0.477890625 0.03849999999999998 0.04887500000000004
0 0.6688046875 0.43355859375000005 0.05032812500000006 0.06960156249999998
0 0.7635781250000001 0.48311328124999997 0.11600000000000002 0.08011718749999996
0 0.3611145833333333 0.5064726562499999 0.11038541666666664 0.0714921875
1 0.3720026041666667 0.46830468750000004 0.010046874999999981 0.01949999999999994
1 0.6271145833333333 0.44055859374999995 0.03007291666666667 0.0482421875
0 0.561296875 0.42807812500000003 0.0402708333333333 0.052156250000000084
0 0.6432968750000001 0.5919765625 0.1283020833333333 0.1529375
0 0.6070442708333333 0.431546875 0.04620312500000002 0.057421875
1 0.3336588541666667 0.38207421875 0.024380208333333306 0.0434609375
0 0.8721171875000001 0.7630859375 0.25576562499999994 0.473828125
