1 0.40992708333333333 0.4282734375 0.015854166666666634 0.024906249999999998
0 0.5158463541666667 0.4773710937500001 0.0320572916666667 0.03992968750000001
1 0.0055390625 0.33826953125000003 0.011078125 0.10139843750000002
0 0.9844973958333334 0.5204531250000001 0.03100520833333332 0.13706249999999995
0 0.5560416666666668 0.51655078125 0.0713854166666667 0.08703906249999997
1 0.9199114583333333 0.39530859375 0.015000000000000095 0.048867187499999964
1 0.9087630208333334 0.43851562499999996 0.009744791666666686 0.08168750000000005
0 0.8321197916666667 0.563375 0.19951041666666663 0.17675000000000002
1 0.35338020833333333 0.42749218750000006 0.01270833333333338 0.019874999999999955
1 0.13386718749999998 0.382625 0.030380208333333325 0.06285937500000002
0 0.5242526041666667 0.49064453125000007 0.03692187499999999 0.046601562499999985
0 0.18770052083333333 0.52444140625 0.14986979166666667 0.13513281250000003
1 0.41041666666666665 0.4069453125 0.00987500000000002 0.017593749999999984
0 0.9311406249999999 0.5640546875 0.13771875000000003 0.16167187500000005
1 0.9095286458333334 0.37013281249999996 0.008296875000000033 0.02450000000000001
0 0.722515625 0.689875 0.26490624999999995 0.30934375000000003
0 0.5375468750000001 0.4910546875 0.04822916666666674 0.07534374999999996
0 0.10293749999999999 0.5677148437499999 0.14369791666666665 0.11646093750000004
