1 0.19771093750000002 0.40698437500000006 0.034984375000000005 0.05764062500000002
0 0.9200677083333333 0.53188671875 0.1445520833333333 0.1014609375
0 0.5358515625 0.52718359375 0.05798437500000002 0.07219531249999997
1 0.7867734375000001 0.44169140625000003 0.008140625000000058 0.03358593750000001
1 0.7809661458333333 0.47235546875 0.008223958333333314 0.057289062499999946
0 0.8336015625 0.7595000000000001 0.332796875 0.481
0 0.7342395833333334 0.55962109375 0.13558333333333342 0.12983593749999994
1 0.36609635416666664 0.4483750000000001 0.010744791666666665 0.016828125000000062
1 0.22630208333333332 0.41838671875000005 0.019999999999999987 0.04458593750000004
0 0.5116302083333333 0.5057265625 0.03273958333333334 0.04157812500000002
0 0.24178385416666667 0.5249765625 0.11207812500000003 0.10593750000000002
0 0.8259557291666667 0.5625312499999999 0.12154687499999994 0.11973437499999999
1 0.8215104166666668 0.41217968749999995 0.006114583333333338 0.019437499999999996
0 0.6243671875 0.62212109375 0.14684895833333336 0.18111718750000003
0 0.5219817708333333 0.5048203125 0.04128645833333326 0.06460937499999994
