1 0.3128125 0.4264375 0.02355208333333335 0.039281249999999976
0 0.5509557291666667 0.51844921875 0.04873437499999997 0.06099218749999995
1 0.7410885416666666 0.45117578125 0.005177083333333244 0.02580468749999998
1 0.7376744791666667 0.47502734375 0.007942708333333333 0.044320312500000014
0 0.7052890625 0.6388906249999999 0.18701562500000007 0.268546875
0 0.7050625 0.54103125 0.10189583333333327 0.10157812499999999
1 0.405609375 0.4498125 0.00919791666666665 0.01453124999999993
1 0.3080807291666667 0.43600390625 0.014442708333333342 0.034164062500000016
0 0.30911979166666664 0.5119023437499999 0.08708333333333333 0.08602343750000001
0 0.7774817708333333 0.5448046875 0.08745312500000005 0.09320312499999997
1 0.7908020833333335 0.42278906250000003 0.004770833333333376 0.01626562500000004
0 0.6076875 0.5804375 0.10018750000000007 0.12523437500000006
0 0.5401015625 0.49821875000000004 0.03598437499999996 0.05651562500000003
