1 0.276390625 0.42795703124999995 0.05047916666666667 0.08021093750000001
0 0.6024765625 0.55917578125 0.100390625 0.11886718750000007
0 0.5077812500000001 0.45067578125 0.041572916666666695 0.05658593750000005
0 0.22415364583333333 0.40498046875 0.055692708333333306 0.05717968750000004
0 0.341265625 0.47996875 0.04435416666666665 0.055109374999999974
0 0.6817734375000001 0.43862890624999995 0.05799479166666674 0.07761718750000002
0 0.7971953125 0.4952734375 0.13538020833333325 0.09337499999999999
0 0.7446197916666667 0.45245703125 0.13173958333333335 0.08375781250000003
1 0.33901302083333335 0.46958593749999994 0.012151041666666688 0.02351562500000002
1 0.6437135416666667 0.44481640625 0.035635416666666704 0.057320312500000005
0 0.5615494791666666 0.42847265625 0.04564062500000006 0.058523437499999977
0 0.7042604166666667 0.65423046875 0.20340624999999998 0.2375078125
0 0.6126614583333333 0.4334296875 0.052718750000000016 0.06425
1 0.2770703125 0.35862109374999995 0.03182812499999998 0.056882812500000005
