0 0.8736380208333333 0.742703125 0.25272395833333333 0.51459375
1 0.35953124999999997 0.42398046874999995 0.01737500000000001 0.029007812499999997
0 0.5417994791666667 0.49869921875 0.04109895833333337 0.05171093749999996
1 0.6903723958333333 0.4458281250000001 0.0034531249999999384 0.02056250000000004
1 0.6881796874999999 0.46506640625000006 0.007255208333333366 0.035476562499999975
0 0.6270104166666667 0.56913671875 0.10891666666666673 0.16302343750000006
0 0.7913177083333333 0.6758828125 0.3389583333333333 0.45551562500000004
0 0.6639739583333333 0.5149804687499999 0.07873958333333336 0.08058593749999998
1 0.41665104166666667 0.4384492187499999 0.00798958333333335 0.012601562499999996
1 0.3449713541666667 0.43169921875000006 0.011098958333333304 0.027382812500000055
0 0.3386432291666666 0.48870703125000003 0.07036979166666667 0.07096093750000003
0 0.7221458333333334 0.5197499999999999 0.06487499999999997 0.07321875000000003
1 0.7449479166666667 0.41955078125000006 0.003760416666666681 0.013773437499999996
0 0.5788984375 0.54387109375 0.072921875 0.09080468750000001
0 0.5335026041666667 0.4798125000000001 0.03149479166666662 0.04928125000000003
