1 0.40066666666666667 0.44795703124999997 0.020322916666666656 0.032132812499999996
0 0.5368515625000001 0.5070859375 0.04114062500000001 0.05089062499999999
0 0.6246848958333333 0.5757890625 0.13719270833333325 0.162
0 0.6582786458333333 0.48003515624999993 0.0724218750000001 0.05192968749999993
1 0.41190625000000003 0.46561718750000003 0.005968750000000019 0.011734374999999986
1 0.2852473958333333 0.43211718749999994 0.020557291666666623 0.031953124999999985
1 0.5661041666666667 0.44734765625 0.0183958333333333 0.029804687499999982
0 0.5503255208333333 0.52376171875 0.050390625 0.0633828125
0 0.029718750000000002 0.6411679687499999 0.059437500000000004 0.31149218749999996
1 0.40091145833333336 0.420328125 0.01267708333333329 0.022671874999999987
0 0.5782473958333334 0.53181640625 0.07494270833333339 0.11638281250000002
