0 0.8365885416666666 0.71659765625 0.3268229166666667 0.4362734375
1 0.41013020833333336 0.44223437499999996 0.01456249999999996 0.02446875000000004
0 0.5661380208333334 0.51053515625 0.03702604166666663 0.04703906250000003
1 0.6955755208333334 0.4646875 0.0027552083333334328 0.017890624999999983
1 0.6938515625000001 0.481734375 0.006786458333333319 0.031015625000000036
0 0.6291093750000001 0.56512109375 0.08438541666666666 0.13122656250000003
0 0.7080468750000001 0.61254296875 0.19164583333333335 0.27710156249999995
0 0.6732265624999999 0.5246718749999999 0.06822395833333333 0.07156250000000001
1 0.4525755208333333 0.45387109375 0.007265624999999965 0.011507812500000015
1 0.39398958333333334 0.44592187499999997 0.00944791666666666 0.023812500000000014
0 0.3843489583333334 0.497765625 0.06143749999999996 0.06328125
0 0.7246796875 0.5300546875000001 0.05503645833333337 0.06548437500000004
0 0.5952890624999999 0.54835546875 0.061338541666666656 0.07885156250000006
0 0.5591119791666667 0.4920546874999999 0.028963541666666613 0.04543749999999998
