1 0.34009635416666667 0.45222656249999993 0.03723437500000001 0.058890624999999995
0 0.5842161458333333 0.5530390625 0.0750885416666667 0.09175000000000004
0 0.5127838541666667 0.46728515625 0.03625520833333334 0.04864843749999999
0 0.36721875 0.49468359374999993 0.03764583333333338 0.047945312500000004
0 0.6651145833333333 0.45310546875 0.04902083333333328 0.06675781250000004
0 0.756609375 0.5029609374999999 0.11288541666666667 0.07810937500000001
0 0.30891145833333333 0.53678515625 0.10929166666666665 0.07046093749999996
1 0.37548437500000004 0.4846953125 0.009739583333333298 0.018906250000000034
1 0.6231666666666666 0.45968359375 0.02919791666666664 0.04689843749999998
0 0.5597682291666667 0.4470703125 0.03934895833333331 0.049843749999999964
0 0.6346197916666667 0.60423828125 0.11978125 0.14730468750000006
0 0.6045989583333333 0.45084765625 0.0450833333333333 0.0548828125
1 0.34059895833333337 0.40140624999999996 0.02336458333333334 0.04165625000000004
0 0.8550520833333334 0.76723046875 0.2898958333333333 0.4655390625
