0 0.8144505208333332 0.67003125 0.2542135416666666 0.34987499999999994
1 0.45528124999999997 0.44257421875 0.013656250000000014 0.022960937500000077
0 0.6040494791666667 0.5072265625 0.035807291666666664 0.04545312500000005
1 0.7277786458333334 0.462859375 0.002557291666666591 0.0171875
1 0.7262239583333333 0.47923828124999995 0.006697916666666614 0.029804687499999982
0 0.660078125 0.55717578125 0.07786458333333333 0.12122656249999997
0 0.7218802083333333 0.59180078125 0.1633749999999999 0.24038281250000004
0 0.7067135416666666 0.52009375 0.06539583333333342 0.06837499999999999
1 0.4940859375 0.45317578125 0.007015625000000014 0.01110156249999994
1 0.4393125 0.4452109375 0.008906250000000011 0.022640625000000015
0 0.42916145833333336 0.4950234375 0.05831250000000002 0.06037499999999998
0 0.756453125 0.5254218749999999 0.05243750000000003 0.06253124999999997
0 0.6304635416666666 0.5428437500000001 0.05798958333333341 0.07424999999999997
