1 0.4096796875 0.43488671874999996 0.015432291666666664 0.024304687500000012
0 0.5128828125 0.4827773437499999 0.031234375000000016 0.03900781249999996
1 0.06154427083333333 0.3656484375 0.051390625 0.08531249999999999
0 0.9656458333333333 0.51999609375 0.06870833333333337 0.1263828125
0 0.5503020833333333 0.52013671875 0.06741666666666664 0.0826171875
1 0.8755442708333334 0.40762890625 0.012546874999999957 0.04385156250000004
1 0.8664739583333334 0.4467499999999999 0.007447916666666643 0.07371875000000001
0 0.9411432291666666 0.7615742187500001 0.11771354166666666 0.4768515625
0 0.801015625 0.5603007812499999 0.17833333333333337 0.1612421875
1 0.35707031250000004 0.43528515624999997 0.012130208333333373 0.019023437500000018
1 0.16366927083333332 0.39649999999999996 0.026869791666666684 0.05684374999999999
0 0.5209244791666666 0.49572265625 0.03577604166666663 0.04528906250000002
0 0.20453645833333337 0.52721875 0.13791666666666666 0.12651562499999996
1 0.41010937500000005 0.41419921875 0.009604166666666636 0.01716406249999993
0 0.9148177083333333 0.5607929687500001 0.16563541666666665 0.14766406250000008
1 0.8825130208333333 0.38035546875000004 0.0076197916666667235 0.022992187500000004
0 0.6870729166666666 0.6630507812499999 0.21997916666666661 0.26158593750000003
0 0.5332604166666667 0.49563671875 0.04619791666666669 0.0723671875
0 0.1243515625 0.56807421875 0.13208854166666667 0.10983593749999994
