1 0.4082421875 0.4378554687499999 0.016776041666666627 0.02630468749999997
0 0.5204427083333333 0.4884492187499999 0.03392708333333332 0.04203906250000004
0 0.5675703125000001 0.5326875 0.08123437500000001 0.097953125
0 0.8916302083333333 0.5942109375 0.21673958333333337 0.22021875
1 0.3420859375 0.43545703125 0.014057291666666671 0.021867187500000006
1 0.04733072916666667 0.37808203125000006 0.040453125000000006 0.07850781250000005
0 0.5297630208333334 0.5024960937499999 0.03956770833333341 0.04963281250000007
0 0.143296875 0.55085546875 0.18044791666666668 0.15803906249999997
1 0.40869531249999996 0.4151640625 0.010453125000000027 0.01857812499999998
0 0.9689609375 0.5902773437500001 0.062078125000000026 0.19924218750000006
1 0.970171875 0.36131250000000004 0.009937499999999962 0.027968750000000007
0 0.8133932291666668 0.78215234375 0.37321354166666665 0.43569531250000004
0 0.5453567708333333 0.5043124999999999 0.052890624999999976 0.082421875
0 0.06730989583333334 0.59876171875 0.13461979166666668 0.13941406249999994
