1 0.3770572916666667 0.4626015625 0.02809374999999997 0.04431250000000002
0 0.5629296874999999 0.5433749999999999 0.05672395833333337 0.07098437500000002
0 0.5091458333333333 0.4748046875 0.031166666666666683 0.04189062499999992
0 0.8439869791666667 0.79069140625 0.31202604166666664 0.41861718750000004
0 0.38304947916666665 0.49713281249999997 0.03174479166666663 0.04134374999999997
0 0.6408411458333333 0.46241796874999996 0.04079687499999996 0.05738281250000003
0 0.7119895833333333 0.5072890624999999 0.09287500000000008 0.06509375000000003
0 0.0295625 0.6355625 0.059125 0.061843749999999975
1 0.3978046875 0.48637499999999995 0.00781770833333333 0.015218749999999925
1 0.019174479166666664 0.41139453125000003 0.03834895833333333 0.07566406249999998
1 0.598390625 0.46763671875 0.023781250000000042 0.03827343750000001
0 0.5498489583333334 0.4575468750000001 0.03345833333333328 0.04249999999999998
0 0.5897708333333334 0.5739921875 0.07798958333333333 0.09934374999999998
0 0.5886250000000001 0.46121484375 0.03800000000000002 0.046835937500000036
1 0.3776848958333333 0.42430859375 0.01756770833333334 0.03130468749999995
0 0.6822317708333333 0.64125 0.1740572916666667 0.25421875
