1 0.32861718749999996 0.3768515625 0.021473958333333282 0.03565624999999999
0 0.5479296875 0.45740234374999994 0.046328125000000026 0.05749218750000003
1 0.7249609375 0.396625 0.004598958333333295 0.024859375000000038
1 0.7217838541666666 0.41898828125 0.007796875000000014 0.042523437500000004
0 0.6750937499999999 0.5583984375 0.15590624999999997 0.22273437499999993
0 0.8632369791666666 0.6739765625 0.2735260416666667 0.652046875
0 0.691546875 0.47681250000000003 0.0942083333333334 0.093546875
1 0.40884895833333335 0.39460937500000004 0.00884375000000001 0.013921874999999995
1 0.31953645833333333 0.38634765625 0.013364583333333376 0.032757812500000004
0 0.3182057291666667 0.45144140625 0.08178645833333333 0.08021093749999997
0 0.7593151041666667 0.4804921875 0.07983854166666665 0.08481249999999996
1 0.7771718750000001 0.36768359375 0.004468749999999962 0.01589843750000002
0 0.597609375 0.5145625 0.09063541666666666 0.10789062500000002
0 0.5379401041666667 0.4387265625 0.03464062499999994 0.05535937500000001
