1 0.28200520833333337 0.4244492187500001 0.04934375000000003 0.07842968749999998
0 0.6011171875 0.55349609375 0.09827604166666669 0.1159140625
0 0.5082994791666666 0.44671093749999996 0.04118229166666669 0.056421875000000024
0 0.22732552083333335 0.4013945312500001 0.054984374999999995 0.056929687500000006
0 0.34334895833333334 0.47553906250000005 0.043833333333333314 0.05460937499999998
0 0.6806927083333334 0.43472265624999995 0.0573333333333333 0.07730468749999994
0 0.7942265625 0.49097656250000005 0.13365104166666672 0.09243750000000003
0 0.7072109375 0.4498046875 0.12848437500000004 0.08287499999999995
1 0.34206770833333333 0.46537109374999996 0.011958333333333352 0.02317968749999997
1 0.6422864583333333 0.4408906249999999 0.03513541666666668 0.05656249999999998
0 0.5615703125 0.42471875 0.045182291666666666 0.05832812500000002
0 0.6976484374999999 0.644109375 0.19491145833333334 0.22735937499999997
0 0.6122161458333333 0.42965234374999994 0.052161458333333265 0.06402343749999995
1 0.2826536458333333 0.35664843749999997 0.03110937499999995 0.055624999999999994
