1 0.4088958333333333 0.4472421875 0.016604166666666663 0.02610937499999997
0 0.519953125 0.4981484375 0.033583333333333285 0.041750000000000044
0 0.5657083333333333 0.5414687499999999 0.07935416666666661 0.09712500000000004
1 0.9949453125000001 0.44623828125 0.010109375000000042 0.09828906250000005
0 0.8867604166666666 0.6000234375 0.22647916666666662 0.21373437500000003
1 0.34454166666666663 0.4449609375 0.013802083333333333 0.02151562500000006
1 0.0654140625 0.3891484375 0.03834895833333333 0.075
0 0.5291015625 0.5120742187499999 0.03907812500000005 0.04928906250000002
0 0.1521796875 0.557203125 0.17445312500000001 0.1541875
1 0.4093541666666667 0.42479296875 0.010343750000000007 0.018429687499999937
0 0.9616979166666667 0.59675 0.07660416666666663 0.19390625000000003
1 0.9585546875000001 0.37477343750000003 0.009619791666666681 0.027171875000000022
0 0.8094635416666667 0.78390625 0.3810729166666667 0.43218750000000006
0 0.5442239583333333 0.51386328125 0.05202083333333327 0.08128906249999997
0 0.07127604166666666 0.6030156249999999 0.14255208333333333 0.13718750000000002
