1 0.3727734375 0.45878515624999994 0.029557291666666666 0.0467734375
0 0.5683515625 0.54271484375 0.059755208333333344 0.07444531250000005
0 0.5116015625 0.4711015625 0.03209895833333333 0.04325000000000001
0 0.8731588541666667 0.80345703125 0.2536822916666666 0.3930859375
0 0.38206510416666667 0.49445703124999996 0.03275520833333333 0.04263281250000004
0 0.6470364583333333 0.4583281250000001 0.04229166666666669 0.059250000000000025
0 0.7217552083333333 0.50422265625 0.09643749999999993 0.06786718750000001
0 0.06433333333333334 0.6178945312499999 0.09688541666666667 0.06360156249999997
1 0.39579687500000005 0.48374218750000003 0.00813541666666667 0.01587500000000004
1 0.6044322916666667 0.46394531250000004 0.024729166666666677 0.03989062499999996
0 0.55340625 0.4533359375 0.03453124999999998 0.04407812500000006
0 0.5984114583333333 0.57630078125 0.08409375000000002 0.10649218750000004
0 0.5932994791666667 0.45701562500000004 0.039286458333333246 0.04857812500000005
1 0.3733046875 0.41839453125000003 0.018494791666666663 0.03303906250000006
0 0.7140989583333334 0.66396875 0.20901041666666664 0.2985468750000001
