1 0.39872656250000005 0.46174218749999996 0.02080729166666663 0.03284374999999997
0 0.5381250000000001 0.5224804687500001 0.04212500000000006 0.05282031250000001
0 0.6347838541666666 0.598328125 0.14896354166666667 0.17853124999999997
0 0.6616015625 0.495203125 0.07384895833333331 0.05285937500000006
1 0.41049479166666664 0.47983593750000003 0.006093750000000024 0.011937500000000068
1 0.2743125 0.44423046875 0.02168749999999999 0.03350781249999999
1 0.5679192708333335 0.46158984375 0.018765624999999987 0.030367187500000004
0 0.5522812500000001 0.53969140625 0.05196874999999999 0.06663281250000005
0 0.010239583333333333 0.7149765625 0.020479166666666666 0.42598437499999997
1 0.3990364583333334 0.43341796875000005 0.012979166666666646 0.02317968749999997
0 0.5825937499999999 0.55058984375 0.07892708333333331 0.12232031249999994
