0 0.8633098958333333 0.68567578125 0.2733802083333334 0.6286484375000001
0 0.7920520833333333 0.6677226562499999 0.11518749999999993 0.2040234375
1 0.5959869791666667 0.55769140625 0.011005208333333271 0.018601562499999957
1 0.94025 0.399921875 0.04973958333333333 0.07939062500000005
0 0.7554479166666667 0.6396796874999999 0.05784374999999997 0.10240625000000003
0 0.7688151041666667 0.64080859375 0.09345312499999991 0.16655468750000005
0 0.8167369791666667 0.617859375 0.05493229166666656 0.06646874999999994
1 0.5838046875 0.5576601562500001 0.007453124999999972 0.018820312500000026
1 0.9365364583333334 0.49849609375000004 0.07895833333333341 0.11663281250000006
0 0.575953125 0.60283203125 0.050010416666666654 0.057835937499999976
1 0.3071927083333333 0.48841796875 0.03111458333333328 0.05086718750000001
0 0.7434973958333333 0.6365624999999999 0.04672395833333323 0.07043749999999997
