1 0.40163020833333335 0.42628125 0.019364583333333366 0.030437500000000027
0 0.5312552083333333 0.4824140625 0.03914583333333332 0.04832812500000001
0 0.6050494791666667 0.54192578125 0.11803645833333327 0.13867968749999998
1 0.41170833333333334 0.44293359374999997 0.005729166666666666 0.01124218749999999
1 0.30186458333333327 0.41479296874999994 0.018552083333333337 0.028789062500000018
1 0.5599322916666666 0.42552734374999995 0.01768750000000002 0.02852343749999999
0 0.5434609375 0.49837500000000007 0.047296874999999974 0.05890624999999998
0 0.059234375 0.59113671875 0.11846875 0.25467968750000003
1 0.4019765625 0.39996093750000006 0.012078124999999969 0.021515625000000017
0 0.5675572916666667 0.5036796875 0.06782291666666668 0.10575000000000001
