1 0.4096588541666667 0.4166171875 0.01505729166666665 0.02365624999999998
1 0.12078385416666665 0.35970703125 0.04465104166666666 0.07357031250000001
0 0.9499895833333334 0.50455859375 0.10002083333333331 0.1170859375
0 0.54515625 0.5000351562500001 0.06385416666666668 0.07839843750000001
1 0.8418281249999999 0.40147265625 0.010739583333333276 0.04024218749999999
1 0.8338515624999999 0.4371796874999999 0.007880208333333272 0.06782812500000004
0 0.8870026041666667 0.7544492187499999 0.22599479166666672 0.49110156250000003
0 0.7754010416666667 0.53841015625 0.16130208333333323 0.1482421875
1 0.3606744791666667 0.41753906250000006 0.011630208333333296 0.01825000000000001
1 0.18870833333333334 0.38166796875 0.024145833333333342 0.05266406250000002
0 0.5177135416666666 0.4769453125 0.03466666666666664 0.043906250000000036
0 0.21867447916666669 0.501375 0.12816145833333334 0.11832812500000003
1 0.4102057291666667 0.39649999999999996 0.009380208333333329 0.016718750000000025
0 0.8807838541666667 0.5407421875 0.14810937499999993 0.13560937500000003
1 0.8609869791666666 0.37269921875 0.007057291666666643 0.021867187500000006
0 0.6609713541666667 0.62439453125 0.18816145833333334 0.2208984375
0 0.5293307291666667 0.47644921875 0.0444322916666667 0.0694296875
0 0.14219010416666666 0.5410468749999999 0.12258854166666668 0.09946875000000004
