1 0.3745390625 0.45639843750000003 0.029067708333333307 0.045968750000000023
0 0.5670182291666667 0.5382773437499999 0.05877604166666662 0.07275781249999999
0 0.5111484374999999 0.467890625 0.03181770833333335 0.04279687499999998
0 0.8621276041666666 0.7957421874999999 0.2757447916666667 0.408515625
0 0.38280989583333336 0.49154296875 0.032401041666666686 0.04222656250000005
0 0.6453203125000001 0.45452343749999996 0.041807291666666656 0.058812499999999976
0 0.7189348958333334 0.4995625 0.09525520833333327 0.06682812500000006
0 0.04755729166666667 0.62137109375 0.09511458333333334 0.06314843749999995
1 0.39684895833333333 0.48085546875 0.00803124999999998 0.015664062499999964
1 0.602734375 0.4603359375 0.024406250000000067 0.039328125000000026
0 0.5525468749999999 0.45019921875 0.03419791666666671 0.04382031249999994
0 0.5959817708333333 0.5706328125 0.08204687499999999 0.10329687500000002
0 0.5920807291666667 0.45364453125 0.03888020833333326 0.04828906250000005
1 0.37500520833333334 0.41672265625 0.018187500000000037 0.03247656250000004
0 0.7030260416666666 0.64992578125 0.19615624999999995 0.28028906249999996
