0 0.8620156250000001 0.7453749999999999 0.27596874999999993 0.50925
1 0.363796875 0.42969140625 0.016916666666666677 0.028195312499999937
0 0.5415989583333334 0.5035390625 0.04041666666666668 0.05081249999999997
1 0.6870390625 0.45180078125000006 0.0033281249999999336 0.020054687499999967
1 0.6848984375 0.47066796874999994 0.007182291666666766 0.03463281250000003
0 0.6226692708333333 0.57107421875 0.10433854166666674 0.15739843750000002
0 0.7671692708333334 0.66503125 0.3050052083333333 0.41515625000000006
0 0.6612421875 0.5195390625 0.07691145833333338 0.07878124999999994
1 0.4183463541666666 0.44355859375000006 0.007880208333333331 0.012398437500000003
1 0.3488307291666667 0.43666015625 0.010838541666666639 0.026742187500000014
0 0.3417604166666667 0.4929765625 0.0690416666666667 0.06960937499999993
0 0.7182708333333333 0.52448828125 0.06312500000000003 0.0715859375
1 0.7417734374999999 0.42576562500000004 0.0036822916666666337 0.013515624999999965
0 0.577265625 0.54737890625 0.07088541666666674 0.08891406249999996
0 0.5335286458333334 0.4846796875 0.031098958333333353 0.048562500000000064
