0 0.773046875 0.49947265625000004 0.21325000000000002 0.4173671875
0 0.7627161458333334 0.5350859375000001 0.0897552083333333 0.15346874999999996
1 0.6114661458333333 0.45489453125 0.010151041666666671 0.016945312500000042
1 0.8647500000000001 0.32444531249999997 0.03834375000000006 0.0620625
0 0.9666979166666666 0.499625 0.06660416666666673 0.17484374999999996
0 0.7519036458333334 0.5245976562499999 0.05200520833333329 0.08349218750000001
0 0.8188229166666666 0.5091523437500001 0.049874999999999996 0.05530468749999997
1 0.6005234375 0.45066015625 0.007036458333333329 0.01760156249999998
1 0.861109375 0.40115234375000003 0.06103125000000003 0.09058593750000003
0 0.5941953125 0.4917265625000001 0.04748437500000004 0.04851562500000002
1 0.3716666666666667 0.38484375000000004 0.024124999999999966 0.03914062499999997
0 0.7464296874999999 0.52492578125 0.04304687500000005 0.055398437499999974
