1 0.27035677083333337 0.42865234374999994 0.05161979166666667 0.0819765625
0 0.603515625 0.56105859375 0.10250000000000009 0.12111718749999997
0 0.5069296875 0.45111328124999994 0.04194270833333338 0.056992187499999944
0 0.22077604166666667 0.40588671875 0.05636458333333335 0.05758593749999998
0 0.3389713541666667 0.4812539062500001 0.04484895833333334 0.055570312499999996
0 0.6824036458333335 0.43849218749999996 0.0586302083333333 0.07823437500000004
0 0.7996458333333333 0.49509375 0.13699999999999998 0.09418749999999995
0 0.7770130208333333 0.45375781249999997 0.13457812499999994 0.08446875000000001
1 0.33568489583333333 0.47079296875 0.012338541666666696 0.02385156249999998
1 0.6447291666666667 0.44481640625 0.03611458333333329 0.058039062499999974
0 0.5611484375000001 0.42853906249999996 0.04607812500000001 0.05896874999999997
0 0.7108307291666667 0.6605078125 0.21232812500000003 0.24679687499999997
0 0.6126953125 0.43336328124999995 0.05325520833333333 0.0647421875
1 0.27100520833333336 0.35770703125000003 0.03256250000000002 0.05813281249999998
