1 0.40421093750000003 0.42504687499999994 0.01847395833333335 0.029078124999999934
0 0.5276848958333333 0.4803515625 0.037328124999999976 0.04628125000000001
0 0.5909609375 0.5341210937499999 0.10341145833333343 0.1230390625
1 0.4132161458333333 0.44084765625000005 0.0055052083333333 0.010820312500000017
0 0.9583072916666667 0.6488515625 0.08338541666666661 0.35025000000000006
1 0.3174713541666667 0.41612499999999997 0.016880208333333317 0.026296875000000063
1 0.5557109375000001 0.42553906250000006 0.01701562499999992 0.02748437499999996
0 0.5388385416666667 0.495703125 0.04454166666666666 0.05579687500000006
0 0.082484375 0.5632578125000001 0.16496875 0.21551562500000002
1 0.4046666666666667 0.39996484375 0.011520833333333336 0.020554687500000002
0 0.8934088541666667 0.818546875 0.21318229166666663 0.36290625
0 0.5596979166666666 0.49975781250000006 0.062333333333333366 0.097359375
0 0.021364583333333336 0.621921875 0.04272916666666667 0.18568749999999995
