1 0.4091276041666667 0.42267578125 0.014921874999999989 0.02341406250000002
1 0.13613541666666668 0.37154687500000005 0.042645833333333334 0.07009375000000002
0 0.9447265625 0.50842578125 0.110546875 0.11411718750000004
0 0.5430208333333333 0.50519921875 0.06274999999999994 0.07700781250000004
1 0.8305052083333334 0.40824609375000004 0.010229166666666718 0.038945312500000016
1 0.8229895833333333 0.44296875 0.008010416666666605 0.06573437500000008
0 0.8738463541666666 0.7548242187499999 0.2523072916666667 0.4903515625
0 0.7669947916666667 0.54180859375 0.15625 0.14421093749999994
1 0.36124218750000003 0.42415624999999996 0.011463541666666662 0.017953125000000014
1 0.19548177083333332 0.39058984375000005 0.023307291666666667 0.05099218750000003
0 0.5162109375 0.48236718750000007 0.03430729166666661 0.04340625000000005
0 0.22264843750000002 0.5077265625 0.12504687499999997 0.11568749999999994
1 0.4096666666666666 0.4027578125 0.009291666666666682 0.016546875000000006
0 0.8697265625 0.5440273437500001 0.14292187499999992 0.13199218750000002
1 0.8530130208333334 0.37901953125 0.00689062500000001 0.021414062500000018
0 0.6530729166666667 0.6233671875 0.17952083333333338 0.21246875000000004
0 0.5275755208333333 0.48180468750000005 0.04383854166666665 0.06843750000000001
0 0.14744791666666668 0.5466562500000001 0.11951041666666666 0.09828124999999996
