0 0.8086484375 0.6609804687499999 0.22238020833333336 0.3156484375
1 0.4813776041666667 0.4514921875000001 0.013203124999999953 0.022140625000000025
0 0.6265416666666667 0.51590625 0.035104166666666714 0.044906250000000016
1 0.7473697916666666 0.4731484375 0.002437500000000033 0.01668749999999992
1 0.7458593750000001 0.48919140624999996 0.0066770833333333005 0.029054687499999954
0 0.6784244791666667 0.5636171875 0.07436979166666664 0.11721875000000007
0 0.0035807291666666665 0.5840156249999999 0.007161458333333333 0.04659374999999999
0 0.7317682291666666 0.59409765625 0.149734375 0.22282031249999995
0 0.7268203124999999 0.5287382812500001 0.06383854166666664 0.06746093750000001
1 0.5185833333333333 0.46204296874999995 0.006895833333333338 0.010867187499999976
1 0.46563281250000005 0.45344140624999996 0.008651041666666673 0.021914062499999963
0 0.4550598958333333 0.5024218749999999 0.056859374999999976 0.058890624999999995
0 0.7756875000000001 0.5344218749999999 0.050947916666666634 0.06193750000000007
0 0.6511796875000001 0.55033203125 0.05611979166666667 0.07286718749999999
