0 0.8887395833333334 0.655296875 0.22252083333333333 0.68940625
0 0.8049348958333333 0.702375 0.14429687499999996 0.24539062499999992
1 0.5686458333333333 0.5602148437500001 0.01171875 0.01986718749999996
1 0.9942864583333333 0.3848671875 0.011427083333333362 0.10060937499999997
0 0.706796875 0.6196484375000001 0.032760416666666715 0.049515624999999994
1 0.8145130208333333 0.57698828125 0.002067708333333229 0.01596093749999996
1 0.8136562499999999 0.5919453125 0.006614583333333357 0.027828125000000002
0 0.7415078125000001 0.6542148437499999 0.063015625 0.11227343750000003
0 0.11232291666666668 0.68591796875 0.053989583333333334 0.04810156249999995
0 0.7673098958333334 0.66484765625 0.11076562499999992 0.1921796875
0 0.7977135416666667 0.6281953124999999 0.058406250000000055 0.07064062499999997
1 0.5552005208333334 0.55988671875 0.007828124999999986 0.019929687499999994
1 0.9819140625 0.5087304687499999 0.03617187500000003 0.14711718750000005
0 0.5455572916666667 0.60705078125 0.052177083333333305 0.06099218749999995
1 0.21746354166666665 0.48289453125000004 0.03980208333333334 0.0653203125
0 0.7238072916666667 0.6473789062499999 0.04983333333333337 0.07583593749999995
