1 0.31872395833333333 0.4357265625 0.04228124999999997 0.06699999999999999
0 0.5944010416666666 0.5491875 0.08497916666666659 0.10165625
0 0.5137786458333333 0.4540156250000001 0.038526041666666684 0.05226562499999998
0 0.3593046875 0.48174609375 0.04042187500000001 0.05094531250000003
0 0.6754973958333333 0.44129687500000003 0.05286979166666666 0.07189062499999999
0 0.7768645833333333 0.49442578125000003 0.12243749999999996 0.08478906249999998
0 0.47130208333333334 0.48450000000000004 0.11156250000000002 0.07573437499999995
1 0.3637682291666666 0.47181640625 0.010703125000000036 0.02075781250000004
1 0.6347734374999999 0.4475703125 0.031880208333333236 0.05121874999999996
0 0.563703125 0.4331796875 0.04204166666666668 0.05396875000000003
0 0.6618802083333333 0.61516015625 0.14809374999999997 0.17722656250000002
0 0.6112473958333333 0.43760937499999997 0.048359374999999954 0.05934375000000003
1 0.319328125 0.3778359375 0.026583333333333313 0.047453125000000006
0 0.9253515625 0.779359375 0.14929687500000005 0.44128125
