1 0.34525520833333334 0.44119140625000003 0.03576041666666671 0.05680468750000003
0 0.580328125 0.5393125 0.07215624999999998 0.08746874999999994
0 0.5116354166666667 0.45598046875 0.03554166666666667 0.04838281249999996
0 0.3689635416666667 0.48217578124999994 0.03673958333333331 0.047226562499999944
0 0.6609401041666667 0.442578125 0.04782812500000008 0.06651562500000008
0 0.7493307291666668 0.491796875 0.10983854166666672 0.07710937500000004
0 0.26119791666666664 0.54021875 0.10776041666666668 0.06946875000000005
1 0.37821093749999996 0.47255859375 0.00944270833333333 0.018429687499999937
1 0.6187083333333334 0.4488632812500001 0.028375000000000008 0.04582031249999998
0 0.5576640625000001 0.43646484374999994 0.038515625000000026 0.04985156250000004
0 0.6262369791666667 0.58666015625 0.11222395833333323 0.13733593750000006
0 0.6016328125 0.44033984375 0.0440677083333334 0.05485156250000003
1 0.34568750000000004 0.39200390625 0.022427083333333306 0.040179687500000005
0 0.8411666666666666 0.7596796875 0.3176666666666667 0.48064062500000004
