0 0.8342395833333334 0.74528125 0.3315208333333333 0.5094375
1 0.37731250000000005 0.4341328125 0.01541666666666668 0.02578125
0 0.5414192708333334 0.50294140625 0.03821354166666667 0.04828906249999996
1 0.6758333333333333 0.45432812499999997 0.002937500000000052 0.018656249999999996
1 0.6740234375 0.47201562500000005 0.0069010416666666664 0.03228125000000004
0 0.6100052083333334 0.561421875 0.0906979166666666 0.13882812500000002
0 0.7061848958333333 0.6198593750000001 0.22220312500000006 0.31548437500000004
0 0.6525625 0.51689453125 0.07099999999999997 0.0736328125
1 0.42419010416666664 0.44604687500000006 0.007494791666666659 0.01182812499999999
1 0.36151562499999995 0.43901953124999993 0.009968749999999993 0.02491406249999999
0 0.3528854166666667 0.49245312499999994 0.06432291666666666 0.06554687499999998
0 0.70575 0.5218164062499999 0.057583333333333306 0.06685156250000004
0 0.5726822916666666 0.5427460937499999 0.06452083333333339 0.08155468749999999
0 0.53403125 0.48440625 0.029697916666666598 0.046484375
