0 0.8860729166666667 0.65734765625 0.22785416666666666 0.6853046875000001
0 0.8038932291666666 0.691921875 0.13979687500000004 0.23778124999999992
1 0.5736614583333333 0.55516015625 0.011624999999999967 0.019679687500000043
1 0.9886041666666666 0.38237890625 0.02279166666666666 0.09733593750000002
0 0.7116380208333334 0.61391796875 0.032588541666666755 0.04888281250000004
1 0.8182317708333334 0.5709765625000001 0.002078125000000005 0.015781250000000035
1 0.8174322916666665 0.58583203125 0.006614583333333357 0.027523437500000015
0 0.7448151041666667 0.6471914062499999 0.062192708333333374 0.11038281249999997
0 0.7686041666666666 0.6562187500000001 0.10823958333333342 0.187375
0 0.8017578125 0.62184765625 0.05799479166666662 0.06975781249999997
1 0.560390625 0.55490234375 0.007781250000000029 0.019710937500000015
1 0.9767552083333333 0.50208984375 0.04648958333333333 0.14241406250000005
0 0.5510572916666666 0.6017734375 0.051874999999999956 0.060171874999999986
1 0.23284635416666666 0.47975390625000003 0.03834895833333333 0.06282031249999998
0 0.7279374999999999 0.6409570312499999 0.049364583333333316 0.07463281250000006
