1 0.32934374999999994 0.42734765625 0.03964583333333334 0.06277343749999997
0 0.5889635416666666 0.53201171875 0.07985416666666663 0.09413281250000001
0 0.5130416666666666 0.44230078125 0.03739583333333337 0.05157031249999999
0 0.3632395833333334 0.47062499999999996 0.038958333333333366 0.04943749999999998
0 0.6699348958333334 0.4276640625 0.05094270833333343 0.07084375000000001
0 0.7662421875 0.478046875 0.11750520833333328 0.08148437499999997
0 0.38840364583333337 0.49337890624999997 0.11078645833333335 0.07264843750000001
1 0.3695338541666667 0.4612187499999999 0.010203124999999957 0.019843749999999983
1 0.6284661458333333 0.434453125 0.03050520833333342 0.04901562500000001
0 0.5614036458333334 0.42145312500000004 0.04070312500000005 0.05323437499999999
0 0.6470468749999999 0.5895546875 0.13278125000000002 0.15704687499999997
0 0.6075859375 0.42519140625 0.04672395833333335 0.05857031250000002
1 0.3296484375 0.37305078125 0.024911458333333355 0.044476562500000004
0 0.8823046875 0.7636875 0.23539062500000002 0.472625
