0 0.9027161458333334 0.56961328125 0.1945677083333333 0.8607734375
0 0.8052109375000001 0.70793359375 0.17041145833333324 0.27552343749999997
1 0.5358463541666666 0.53946484375 0.012265624999999976 0.02071093749999999
0 0.6759088541666666 0.60074609375 0.033692708333333245 0.04930468750000001
1 0.7890729166666667 0.55862109375 0.0021874999999999052 0.016335937499999974
1 0.7879505208333334 0.57403125 0.006619791666666685 0.028562499999999956
0 0.7179895833333333 0.64134375 0.06739583333333338 0.11678125000000002
0 0.059859375000000006 0.6645703125000001 0.05684375 0.04871875000000001
0 0.7542786458333334 0.66028515625 0.12480729166666661 0.2079140625
0 0.77075 0.61145703125 0.06057291666666664 0.07122656249999997
1 0.5213854166666666 0.5395546875 0.008125000000000012 0.020546874999999964
0 0.5109375 0.5876445312499999 0.053885416666666686 0.061429687499999996
1 0.10956250000000001 0.45364062499999996 0.04915625000000001 0.08125
0 0.8177838541666667 0.6171015625 0.04785937499999993 0.066609375
0 0.6962994791666667 0.6316132812499999 0.05232812500000002 0.07708593749999997
