1 0.39483072916666667 0.48005078125 0.02247395833333332 0.03552343750000002
0 0.5453229166666667 0.5436875 0.045541666666666696 0.05842187499999998
0 0.679078125 0.6509414062500001 0.19954166666666673 0.23982031250000002
0 0.6751562500000001 0.513 0.07846875000000005 0.05589062499999997
1 0.4086276041666667 0.49924999999999997 0.006505208333333279 0.012734375000000053
1 0.23552604166666669 0.45934375000000005 0.02600000000000001 0.0399375
1 0.5762708333333334 0.47887500000000005 0.01996874999999996 0.03231250000000001
0 0.5619713541666668 0.56340234375 0.05756770833333332 0.07536718750000002
1 0.3950677083333333 0.44941796875 0.014020833333333312 0.025039062499999966
0 0.60128125 0.5820234375 0.09398958333333335 0.146890625
