1 0.3994244791666667 0.47242968750000003 0.02136979166666665 0.03371874999999998
0 0.5421197916666666 0.5359999999999999 0.04320833333333329 0.05510937500000006
0 0.6495807291666668 0.62165234375 0.16300520833333335 0.19747656249999998
0 0.6679583333333333 0.5091875 0.07544791666666674 0.05368750000000002
1 0.4116484375 0.49105859375000005 0.006234375000000014 0.01219531250000001
1 0.26542447916666667 0.4516875000000001 0.02300520833333337 0.03546874999999998
1 0.5726354166666667 0.4742265625 0.0191770833333333 0.030984375000000064
0 0.5570651041666667 0.5541562499999999 0.053723958333333384 0.07000000000000002
1 0.3999010416666666 0.4433828125 0.013333333333333345 0.023781250000000042
0 0.5902630208333334 0.56764453125 0.0834322916666667 0.13078906249999997
