1 0.4086848958333333 0.41390625 0.017140624999999982 0.02692187499999994
0 0.52328125 0.46498828124999997 0.03465625000000004 0.04299218750000007
0 0.5733203125 0.50987109375 0.08533854166666668 0.10269531250000004
1 0.4163307291666667 0.4282265625 0.0051614583333333165 0.010140625000000014
0 0.9034557291666666 0.57736328125 0.19308854166666667 0.24116406250000005
1 0.33860416666666665 0.41009375 0.014614583333333304 0.022828124999999977
1 0.015263020833333333 0.34327734374999996 0.030526041666666667 0.08727343749999998
0 0.5329609375 0.47917578125000004 0.04059895833333336 0.05096093750000001
0 0.1256328125 0.5279648437500001 0.19378645833333333 0.1682578125
1 0.4091223958333333 0.39069140625 0.010682291666666661 0.019039062500000002
0 0.9861276041666667 0.5727265625 0.027744791666666657 0.21600000000000003
1 0.9957786458333333 0.331875 0.008442708333333352 0.029749999999999988
0 0.8236171875 0.77759765625 0.35276562499999997 0.4448046875
0 0.5495286458333334 0.48101171874999993 0.05475520833333339 0.08538281250000006
0 0.05965104166666667 0.5800234375 0.11930208333333334 0.143359375
