1 0.3252786458333333 0.42776171874999996 0.04050520833333333 0.06427343749999999
0 0.5901119791666666 0.5361484375 0.08150520833333334 0.09643750000000004
0 0.5126510416666666 0.44439843749999997 0.03777083333333332 0.052031250000000015
0 0.3613072916666667 0.47203125 0.039437500000000014 0.05003125000000006
0 0.6711119791666665 0.43088671874999995 0.05156770833333333 0.07139843750000004
0 0.7690390624999999 0.48246093749999996 0.11907812499999994 0.08293749999999997
0 0.41645312500000004 0.48905078125 0.11118750000000001 0.0740234375
1 0.3670260416666667 0.46251171874999997 0.010364583333333321 0.020179687499999942
1 0.6299010416666666 0.43734765625000005 0.030947916666666585 0.04983593750000006
0 0.5615260416666668 0.423703125 0.04114583333333333 0.053703125000000004
0 0.65115625 0.5963671875000001 0.1375937499999999 0.16345312500000003
0 0.6081484375 0.42781250000000004 0.04725520833333334 0.059046874999999985
1 0.3256640625000001 0.37227734375 0.025453125000000004 0.045523437499999986
0 0.8944140625 0.76797265625 0.21117187500000004 0.4640546875
