0 0.9169010416666666 0.7509218750000001 0.1661979166666666 0.49815624999999997
1 0.3504322916666666 0.43533984375 0.018583333333333306 0.031101562499999957
0 0.5432604166666667 0.51669921875 0.0426770833333333 0.05416406249999994
1 0.700578125 0.46242578125 0.0037708333333333383 0.02146093750000002
1 0.6980911458333333 0.4826015625 0.007432291666666657 0.037109375
0 0.6401249999999999 0.5964335937499999 0.12156250000000005 0.18391406249999998
0 0.8229348958333332 0.73419140625 0.35413020833333336 0.5316171875
0 0.6720520833333333 0.5359296875 0.08335416666666665 0.08598437499999996
1 0.4139505208333334 0.45235546875 0.008255208333333345 0.013054687500000028
1 0.33691145833333336 0.44466796875 0.01179166666666672 0.02867968749999994
0 0.33183072916666667 0.5045234375 0.07398437499999998 0.07453124999999998
0 0.7331848958333335 0.5411328125000001 0.06927604166666666 0.07884374999999996
1 0.7545338541666666 0.43628125000000006 0.003963541666666614 0.014218749999999947
0 0.5840963541666667 0.56531640625 0.07810937500000001 0.09977343750000003
0 0.5344374999999999 0.49743359374999996 0.03248958333333333 0.051054687500000015
