0 0.8036927083333334 0.6989882812499999 0.18285416666666673 0.28639843750000005
1 0.51984375 0.52127734375 0.0125 0.021023437500000065
0 0.6611640624999999 0.5821171875 0.034078125000000035 0.04837500000000006
1 0.7762187500000001 0.53928515625 0.002260416666666624 0.016367187500000036
1 0.7750260416666668 0.5548828125 0.0066250000000000146 0.028671875000000034
0 0.7059661458333333 0.62469140625 0.0692447916666667 0.11733593750000004
0 0.03644270833333333 0.6525859374999999 0.05788541666666667 0.04871875000000001
0 0.7465859375 0.64691796875 0.131109375 0.2123046875
0 0.7574192708333333 0.59291015625 0.061442708333333346 0.07047656249999994
1 0.5050208333333334 0.5218984375 0.008249999999999957 0.020718749999999987
0 0.49460937499999996 0.5703554687500001 0.05458333333333331 0.06077343750000006
1 0.04855729166666667 0.43532031250000003 0.053687500000000006 0.08959374999999996
0 0.8049114583333333 0.59829296875 0.048708333333333326 0.06569531250000002
0 0.6827864583333334 0.6139921875 0.053354166666666696 0.07635937500000001
