1 0.3922447916666666 0.48603125 0.02311458333333333 0.03654687499999998
0 0.5465963541666666 0.5528359375 0.04676562499999992 0.06067187500000006
0 0.6983203125 0.67778515625 0.22407812500000002 0.27046093750000005
0 0.6789375 0.52259765625 0.08018750000000002 0.05725781250000006
1 0.4066692708333334 0.5058007812499999 0.006661458333333373 0.013039062499999953
1 0.21827083333333333 0.4620234375000001 0.027854166666666676 0.04268749999999999
1 0.5783151041666666 0.48702734375 0.02042187500000002 0.03303906249999997
0 0.5642083333333333 0.57383984375 0.05964583333333332 0.07894531249999996
1 0.3926380208333333 0.45456640625 0.014432291666666685 0.025742187500000034
0 0.6075572916666666 0.59661328125 0.10018750000000007 0.15757031249999995
