0 0.7531276041666667 0.46068359374999995 0.19611979166666665 0.3852734375
0 0.7534765625 0.50082421875 0.0860260416666667 0.14597656250000002
1 0.6111015625 0.42861328125 0.009973958333333382 0.016539062500000055
1 0.8482552083333333 0.30137109375 0.03631250000000001 0.05932031250000001
0 0.958515625 0.46616406250000003 0.08296874999999998 0.16431250000000003
0 0.7476119791666667 0.49253515624999994 0.050765625000000016 0.0807578125
0 0.81559375 0.47679296875 0.04876041666666661 0.05389843750000001
1 0.6003124999999999 0.42237890624999996 0.006947916666666624 0.017507812499999977
1 0.844671875 0.3744921875 0.05783333333333331 0.08564062499999996
0 0.5943463541666667 0.46228125000000003 0.046984375000000016 0.04798437499999997
1 0.37908333333333327 0.36265625 0.022968750000000013 0.03715625
