1 0.3849817708333333 0.44814453125 0.025942708333333363 0.04088281249999994
0 0.5568958333333334 0.52408984375 0.05233333333333334 0.06424218750000002
0 0.5074166666666666 0.45967578124999997 0.02976041666666666 0.04039843750000003
0 0.8165546874999999 0.7714921875 0.366890625 0.45701562500000004
0 0.6333229166666666 0.44857421875 0.03857291666666664 0.055445312499999934
0 0.6992265624999999 0.4911484375 0.08754687499999995 0.06150000000000002
1 0.4027473958333333 0.470140625 0.007328124999999967 0.014281249999999978
1 0.1226875 0.4113515625 0.038333333333333344 0.058656250000000035
1 0.5912187499999999 0.45280078125 0.022374999999999902 0.035992187500000036
0 0.5463749999999999 0.4435234375 0.031843749999999935 0.04142187499999998
0 0.5793723958333333 0.55069140625 0.06959895833333339 0.08725781250000005
0 0.5834505208333333 0.44715234375 0.03606770833333333 0.045632812499999974
1 0.38563541666666673 0.412796875 0.016218749999999994 0.028890625000000014
0 0.6461041666666667 0.59567578125 0.13558333333333342 0.19963281249999998
