1 0.38583593750000006 0.46936718749999995 0.025161458333333366 0.03959374999999996
0 0.5529270833333334 0.5420624999999999 0.050791666666666714 0.06412500000000003
0 0.5048333333333334 0.48000390625 0.02922916666666667 0.03922656250000003
0 0.7897500000000001 0.7482695312500001 0.3457604166666666 0.39596093750000005
0 0.6284088541666667 0.4681640625 0.03772395833333337 0.053703125000000004
0 0.6925208333333333 0.5094140625 0.0855104166666667 0.0600625
1 0.40265625 0.4905546875 0.007145833333333348 0.013906249999999964
1 0.15174739583333335 0.4389609375 0.03505729166666667 0.05343750000000007
1 0.5865078125000001 0.47205078125 0.021828124999999924 0.03513281250000002
0 0.5430390625 0.46349609375000006 0.031223958333333298 0.03952343750000002
0 0.5739947916666668 0.5671796875 0.06677083333333336 0.08603125
0 0.5794609375 0.46685156249999993 0.03532812499999996 0.04371874999999994
1 0.3864140625 0.43510546874999995 0.0157239583333333 0.02796093750000006
0 0.6333203125 0.60562890625 0.12451562499999996 0.18891406250000004
