0 0.8803072916666667 0.66164453125 0.2393854166666666 0.6767109375
0 0.7998463541666666 0.673125 0.1310885416666667 0.22332812500000002
1 0.5816015625000001 0.5482109375 0.011421875000000033 0.019265624999999974
1 0.9768072916666667 0.37695703125 0.04638541666666664 0.0907578125
0 0.7191302083333333 0.60446875 0.0321875000000001 0.04765625
0 0.7491067708333333 0.6350546875 0.06057812499999997 0.106640625
0 0.768984375 0.64100390625 0.10318749999999995 0.17816406249999997
0 0.8074635416666667 0.6104140625 0.057052083333333316 0.06785937500000001
1 0.5687161458333333 0.54816015625 0.007671875000000009 0.019351562499999985
1 0.9660338541666665 0.48898437499999997 0.0679322916666667 0.13284374999999998
0 0.5600468749999999 0.59451171875 0.0512083333333333 0.0587890625
1 0.2594869791666667 0.47868359375 0.035671875000000006 0.058195312500000006
0 0.733953125 0.6300585937500001 0.04834374999999997 0.07228906249999997
