1 0.4073177083333333 0.42972656249999996 0.017666666666666647 0.027890624999999947
0 0.5255390624999999 0.48322656249999996 0.03573437499999995 0.04451562500000002
0 0.5805338541666667 0.5318828124999999 0.09218229166666655 0.11096875000000006
1 0.4155260416666666 0.44469531250000005 0.00529166666666665 0.010437500000000011
0 0.9232005208333334 0.617234375 0.15359895833333337 0.27970312500000005
1 0.3308098958333333 0.4235390625 0.01548437500000001 0.02421875
1 0.5526692708333333 0.42990625 0.016390624999999895 0.0265625
0 0.5358046875 0.49791406250000003 0.04218229166666667 0.053125
0 0.10069010416666666 0.5526484375 0.2013802083333333 0.18642187500000001
1 0.40773177083333334 0.40577734374999996 0.011015624999999989 0.019695312499999985
0 0.8438255208333333 0.792984375 0.31234895833333337 0.41403125
0 0.5539791666666666 0.50071875 0.05770833333333331 0.09045312499999998
0 0.045398437500000006 0.6061992187499999 0.09079687500000001 0.16196093750000004
