1 0.33988541666666666 0.483578125 0.01967708333333332 0.03265624999999996
0 0.5431223958333333 0.5638984375 0.044161458333333375 0.059609375000000055
1 0.7075416666666666 0.5054062500000001 0.0040729166666667515 0.022218749999999954
1 0.704984375 0.52665234375 0.007572916666666648 0.03899218750000007
0 0.6512786458333333 0.65290625 0.13427604166666665 0.20912499999999995
0 0.8350338541666666 0.7560859375 0.32993229166666665 0.48782812499999995
0 0.6778203125 0.58289453125 0.08763020833333333 0.09399218749999996
1 0.4097890625 0.49989062500000003 0.00848437500000004 0.013312499999999972
1 0.3277213541666667 0.49424609375 0.012401041666666638 0.029257812500000036
0 0.32420312500000004 0.5568984375 0.07714583333333333 0.08006250000000001
0 0.7416223958333333 0.5870859375 0.07342187500000001 0.08728125000000002
1 0.7606822916666667 0.47748046874999994 0.004145833333333352 0.014382812499999975
0 0.5874817708333334 0.61608203125 0.08306770833333334 0.11194531249999998
0 0.5337864583333334 0.54484375 0.03334375000000005 0.05432812499999997
