1 0.3046979166666667 0.43029296875 0.045145833333333364 0.07166406249999997
0 0.5980234375 0.549546875 0.09045312500000004 0.10723437499999999
0 0.5122786458333334 0.44974218749999995 0.03966145833333332 0.054109374999999994
0 0.3534114583333333 0.47822265625 0.04184375000000002 0.05252343750000001
0 0.6785260416666666 0.43682421875 0.0547604166666666 0.07428906249999997
0 0.7850651041666666 0.4908554687500001 0.12717187500000005 0.0877890625
0 0.5669166666666666 0.46439843750000004 0.11622916666666665 0.07865624999999996
1 0.3556067708333333 0.46825390625 0.01122395833333331 0.021773437500000003
1 0.6387213541666666 0.44320703125000005 0.03323437499999997 0.05342968749999999
0 0.5636041666666666 0.4282734375 0.04338541666666664 0.05589062500000006
0 0.6765963541666667 0.62466015625 0.1659947916666667 0.19591406250000007
0 0.6124713541666668 0.4327734375 0.04997395833333336 0.061421875
1 0.305296875 0.3683828125 0.028416666666666698 0.05078125
