0 0.7841874999999999 0.53978515625 0.22275000000000003 0.43483593750000005
0 0.7674114583333332 0.56930859375 0.09173958333333339 0.15747656250000003
1 0.6113333333333333 0.4827734375 0.010249999999999915 0.017140624999999955
1 0.8734296875 0.3518125 0.03941145833333325 0.06373437500000004
0 0.9709635416666667 0.5327421875 0.05807291666666667 0.17904687499999997
0 0.7538515625 0.55591796875 0.0526614583333334 0.08614843749999998
0 0.8202421875 0.540421875 0.0504635416666666 0.057265624999999966
1 0.6002864583333333 0.47948828125 0.007083333333333286 0.017539062500000036
1 0.8697890625 0.43033203125 0.06272395833333337 0.09319531250000002
0 0.5937135416666666 0.5217539062500001 0.047781250000000004 0.04921093750000001
1 0.36783333333333335 0.41041796875000003 0.024729166666666677 0.04024218750000004
0 0.7476822916666667 0.555484375 0.04347916666666667 0.058609374999999984
