1 0.35306770833333334 0.421015625 0.033749999999999974 0.05317187499999996
0 0.5750468750000001 0.5119453125 0.06803125000000006 0.08096874999999999
0 0.5103776041666667 0.4332421875 0.03449479166666668 0.048171874999999975
0 0.3716510416666666 0.45878515625 0.03553124999999995 0.04586718750000003
0 0.6555078124999999 0.419109375 0.046119791666666646 0.06593749999999998
0 0.739359375 0.46636718750000006 0.10559375 0.07317187499999997
0 0.1942734375 0.54036328125 0.10527604166666667 0.06577343749999995
1 0.3825052083333334 0.44987109375 0.009031250000000017 0.017570312500000008
1 0.613015625 0.4258046875 0.02722916666666677 0.04364062500000001
0 0.5551718749999999 0.41402734375000005 0.037302083333333395 0.049585937500000024
0 0.6151822916666667 0.55534765625 0.10221875 0.1208984375
0 0.5978958333333334 0.41755859375000004 0.042604166666666644 0.054570312499999975
1 0.35355989583333336 0.3746640625 0.02116145833333333 0.03767187500000002
0 0.8257578124999999 0.72929296875 0.34848437499999996 0.4648203125
