0 0.8350859375 0.7253164062499999 0.32982812499999997 0.45664843750000006
1 0.40020572916666663 0.4415859375 0.014765625000000011 0.024781250000000022
0 0.5581015624999999 0.50965234375 0.037296874999999945 0.04730468749999996
1 0.6885755208333334 0.4627578124999999 0.002796874999999943 0.018062500000000002
1 0.6868515625 0.4799609375 0.0067968749999999765 0.03129687499999996
0 0.6224218750000001 0.5649765625000001 0.0858333333333333 0.13306250000000003
0 0.7051979166666666 0.61478515625 0.19839583333333338 0.2855546875
0 0.6660833333333334 0.52346484375 0.06883333333333337 0.07196093750000002
1 0.44367968750000003 0.45317968749999993 0.00731770833333331 0.01157812500000004
1 0.38414062499999996 0.44559375 0.009572916666666664 0.024062499999999966
0 0.374765625 0.4979140624999999 0.06210416666666667 0.06382812499999994
0 0.7179010416666666 0.52854296875 0.05560416666666666 0.06580468750000001
0 0.5877786458333334 0.54784765625 0.062078125000000026 0.07955468749999994
0 0.5509817708333333 0.49116796874999996 0.029119791666666592 0.04566406249999995
