1 0.40083333333333326 0.42251953125 0.01984375000000001 0.031289062500000055
0 0.533265625 0.48196093749999996 0.04005208333333332 0.04962499999999999
0 0.613875 0.5464921875 0.12678124999999993 0.14860937500000002
0 0.6528385416666665 0.45843749999999994 0.07099999999999997 0.05089062499999999
1 0.41129166666666667 0.43987890625 0.005854166666666672 0.011507812500000015
1 0.294109375 0.40699609374999995 0.01953125 0.030398437499999976
1 0.5626276041666666 0.4246484375 0.018046874999999928 0.029171875000000024
0 0.5460703124999999 0.49851171875 0.04870312499999999 0.060835937500000006
0 0.045390625000000004 0.58963671875 0.09078125000000001 0.28028906249999996
1 0.4013177083333333 0.39553515625 0.012385416666666652 0.022117187500000045
0 0.5722005208333333 0.50503515625 0.0711093750000001 0.11086718749999998
