1 0.20567968749999999 0.40632421875 0.033786458333333304 0.05567968750000003
0 0.909375 0.53001171875 0.14068749999999994 0.09963281249999997
0 0.5332135416666667 0.5242109375 0.057124999999999974 0.071
1 0.7781302083333334 0.44134375 0.007833333333333314 0.032828124999999986
1 0.7725364583333333 0.47126171874999995 0.008239583333333418 0.05599218749999997
0 0.82775 0.7579765625 0.34450000000000003 0.48404687500000004
0 0.7271901041666666 0.556265625 0.13209895833333327 0.12703125
1 0.365609375 0.44594531249999997 0.010614583333333332 0.016640625000000055
1 0.2300208333333333 0.41658984375 0.019447916666666655 0.04366406249999995
0 0.5094322916666667 0.50300390625 0.03243749999999999 0.041257812499999956
0 0.24378645833333332 0.52098046875 0.10982291666666667 0.10405468750000005
0 0.8169348958333332 0.5596328125 0.11797395833333332 0.11712499999999997
1 0.8145989583333333 0.41205859375 0.005989583333333334 0.01914843750000008
0 0.6184140625 0.61562109375 0.14175520833333338 0.17475781250000005
0 0.5196197916666666 0.5019453125 0.040812499999999946 0.06392187499999995
