1 0.4102395833333334 0.4185078125 0.015177083333333325 0.023906250000000018
1 0.10366666666666666 0.356546875 0.04674999999999999 0.07735937499999998
0 0.9552734375 0.50583984375 0.089453125 0.12013281249999999
0 0.5473880208333334 0.5025546875 0.0649947916666667 0.07989062499999999
1 0.8529713541666666 0.400109375 0.011276041666666596 0.04148437500000006
1 0.8446536458333334 0.4368984375 0.0077031250000001 0.06982812499999999
0 0.9023567708333334 0.75544921875 0.19528645833333336 0.4891015625
0 0.7840546875 0.5416367187500001 0.16657812499999997 0.15249218749999996
1 0.3601067708333333 0.41908593749999995 0.011796874999999988 0.018546875000000008
1 0.18151562499999999 0.38159765625 0.025 0.05416406250000003
0 0.5193255208333334 0.479140625 0.03502604166666667 0.0444375
0 0.2148229166666667 0.50456640625 0.13122916666666667 0.12122656249999997
1 0.4107473958333333 0.398203125 0.009453125000000047 0.016890625000000003
0 0.8921171875 0.5434140624999999 0.15353645833333332 0.13948437500000005
1 0.8684661458333333 0.37181640625 0.007223958333333395 0.022273437499999993
0 0.6694869791666667 0.63268359375 0.19766145833333332 0.23230468750000002
0 0.5311744791666667 0.47873046874999997 0.04499479166666666 0.07047656250000003
0 0.13717447916666667 0.544734375 0.12559895833333332 0.10220312499999995
