1 0.3814973958333333 0.4535625 0.026765624999999994 0.04240625000000007
0 0.5589869791666667 0.531296875 0.05404687500000005 0.06715624999999995
0 0.5077213541666666 0.4653359375 0.030328125000000008 0.04098437500000003
0 0.8252916666666666 0.77705859375 0.3494166666666667 0.4458828125
0 0.3850703125 0.48683984375 0.030734374999999994 0.0404296875
0 0.6357864583333334 0.4536328125000001 0.039437500000000014 0.05631250000000003
0 0.7038098958333333 0.49698828125 0.08955729166666669 0.06341406250000006
1 0.40049739583333327 0.47630468750000005 0.007515624999999974 0.014703125000000039
1 0.08441145833333333 0.41087500000000005 0.042083333333333334 0.06493750000000001
1 0.5935078125 0.458296875 0.02290104166666668 0.03703125000000007
0 0.5472812499999999 0.44881640625 0.03247916666666668 0.04203906249999996
0 0.5830859375 0.55925 0.07278645833333333 0.0921875
0 0.5850182291666667 0.45242187500000003 0.0368281249999999 0.04631249999999998
1 0.38200260416666665 0.41709765625 0.016734375 0.029945312499999942
0 0.6584765625000001 0.6113671875 0.1488489583333333 0.21917187500000007
