1 0.3929401041666667 0.482453125 0.022786458333333332 0.03603125
0 0.54525 0.5476640625 0.046125000000000034 0.05946875
0 0.6875833333333332 0.6631484375 0.21104166666666668 0.25396875
0 0.6762317708333333 0.51717578125 0.07925520833333337 0.05647656249999997
1 0.4070234375 0.50194140625 0.006578124999999998 0.012882812500000007
1 0.22670312499999998 0.46005078125 0.026895833333333327 0.04128906249999993
1 0.5765677083333335 0.48236328124999994 0.02017708333333334 0.03266406250000005
0 0.5623776041666666 0.568 0.05856770833333336 0.07703125000000002
1 0.3932604166666666 0.45140624999999995 0.014218750000000035 0.025390625
0 0.6036614583333333 0.58858203125 0.0969479166666666 0.15191406250000003
