0 0.867328125 0.68283203125 0.26534375000000004 0.6343359375000001
0 0.7936276041666667 0.672625 0.11886979166666668 0.20928125
1 0.5923255208333332 0.5602421875 0.011098958333333424 0.018765624999999987
1 0.9483697916666666 0.39706640625 0.051260416666666586 0.08185156249999999
0 0.7288125 0.61520703125 0.03145833333333338 0.047554687500000005
0 0.7538802083333332 0.64248046875 0.05847916666666665 0.10380468749999991
0 0.7686588541666667 0.64466015625 0.09575520833333329 0.16997656250000004
0 0.8144348958333334 0.61958984375 0.05545312500000001 0.06703906250000005
1 0.5799947916666668 0.5602773437499999 0.007499999999999929 0.019007812500000033
1 0.9446744791666667 0.49874609375 0.08134895833333325 0.12017968749999994
0 0.5720651041666666 0.6058046875 0.050265624999999994 0.058453125000000036
1 0.29574739583333337 0.49243359375000006 0.032130208333333306 0.05255468750000007
0 0.7412005208333333 0.63899609375 0.047098958333333246 0.07125781250000003
