1 0.3305598958333333 0.40812109375 0.0210677083333333 0.034804687499999966
0 0.5466432291666666 0.48608593750000006 0.04589062499999995 0.056656250000000075
1 0.7206119791666666 0.4232421875 0.004484375000000066 0.024093749999999935
1 0.7176432291666667 0.4453164062500001 0.007755208333333267 0.041304687500000006
0 0.6693333333333332 0.5849921874999999 0.15095833333333328 0.21589062500000003
0 0.8557057291666667 0.702125 0.28858854166666664 0.59575
0 0.6882890624999999 0.50402734375 0.09280729166666658 0.0918984375
1 0.40867187499999996 0.42408203125000005 0.008760416666666633 0.013710937500000053
1 0.320875 0.41770703124999997 0.013145833333333337 0.03172656250000001
0 0.31923958333333335 0.4829140625 0.08071874999999995 0.07917187499999993
0 0.7552083333333334 0.5071171874999999 0.07848958333333324 0.08351562499999998
1 0.7730546875 0.39375781249999997 0.00440104166666669 0.015531250000000042
0 0.5951432291666667 0.54270703125 0.08901562500000004 0.10610156250000005
0 0.5367890625 0.4665234375000001 0.034359374999999956 0.05323437499999999
