1 0.4091276041666667 0.44858984374999994 0.016453125000000016 0.025898437499999982
0 0.5192161458333333 0.4993046875 0.033286458333333255 0.04145312499999996
0 0.5637708333333333 0.5416562500000001 0.07766666666666668 0.09551562499999999
1 0.9910598958333333 0.39995703125000004 0.017880208333333297 0.0566953125
1 0.9773359375 0.45023437499999996 0.014546875000000034 0.09423437500000001
0 0.8822265625 0.5971992187499999 0.235546875 0.20588281249999998
1 0.34641927083333335 0.44656640625 0.01356770833333331 0.02117968750000001
1 0.08103385416666667 0.39315625 0.03646354166666667 0.07200000000000002
0 0.5282187500000001 0.51304296875 0.038656249999999955 0.048945312499999984
0 0.16003385416666666 0.55585546875 0.16894270833333333 0.15021093749999997
1 0.40956770833333334 0.42637109375 0.010250000000000033 0.01827343750000008
0 0.9549765625 0.5951601562500001 0.09004687500000005 0.18791406250000006
1 0.9478697916666666 0.37942578125 0.009333333333333253 0.02652343749999999
0 0.7934479166666667 0.7755429687500001 0.36259375000000005 0.4226328125
0 0.5429375000000001 0.5146289062499999 0.05122916666666662 0.08016406250000001
0 0.07479947916666667 0.60070703125 0.14959895833333334 0.13372656249999998
