1 0.18773177083333334 0.40664453125 0.03625520833333334 0.05969531250000002
0 0.9277734375000001 0.52874609375 0.14445312499999996 0.10357031250000004
0 0.537625 0.52718359375 0.05888541666666664 0.07310156250000004
1 0.7944505208333333 0.43772656249999997 0.008484374999999982 0.034468750000000006
1 0.78846875 0.46911718750000003 0.008187500000000014 0.05864062499999996
0 0.8396171875 0.75910546875 0.32076562499999994 0.48178906250000003
0 0.7404817708333333 0.55903515625 0.13921354166666663 0.13227343750000004
1 0.36556250000000007 0.44881640625 0.010874999999999998 0.01702343749999997
1 0.22120572916666667 0.41909765624999995 0.02055729166666665 0.04557031250000003
0 0.5129401041666667 0.5055234375 0.033046875000000024 0.04190624999999999
0 0.2388958333333333 0.5278359375 0.11429166666666667 0.10775000000000005
0 0.8341458333333333 0.5610898437499999 0.1253020833333333 0.12185156249999993
1 0.8272109375 0.40791796874999997 0.006244791666666671 0.019773437499999956
0 0.629765625 0.62539453125 0.1523645833333333 0.18713281249999997
0 0.5234609375 0.504671875 0.04173437499999994 0.06529687499999995
