0 0.8424453125 0.65143359375 0.2837656250000001 0.5478203125000001
0 0.7834166666666665 0.64934375 0.10510416666666664 0.18843750000000004
1 0.6027968749999999 0.55282421875 0.010708333333333424 0.01805468750000001
1 0.9091458333333333 0.39827734374999996 0.04548958333333329 0.07258593750000002
0 0.9891015625 0.59050390625 0.02179687499999995 0.19300781249999996
0 0.7565260416666667 0.6281601562500001 0.055895833333333415 0.09800781249999994
0 0.7651510416666667 0.626015625 0.08705208333333339 0.15620312499999994
0 0.8197317708333334 0.60725 0.053411458333333425 0.064359375
1 0.59128125 0.5530703125 0.007302083333333324 0.018343749999999926
1 0.9066432291666667 0.48834765625000004 0.07227604166666678 0.10669531250000004
0 0.5844713541666666 0.5974609375 0.049015624999999945 0.056265624999999986
1 0.3319583333333333 0.49043749999999997 0.02833333333333332 0.04617187499999993
0 0.7470286458333334 0.62651171875 0.04551562500000005 0.06778906250000008
