0 0.8393958333333332 0.73989453125 0.3212083333333334 0.5202109375
1 0.3708854166666667 0.42396484375 0.015854166666666693 0.026492187499999976
0 0.5391796875 0.493546875 0.03888020833333332 0.04903124999999999
1 0.67665625 0.44419140625000003 0.0030520833333332813 0.019164062500000068
1 0.6747682291666666 0.46220703125 0.006984375000000043 0.03310156249999992
0 0.6110390625 0.5542890625 0.09438020833333335 0.14312500000000003
0 0.7183880208333334 0.619203125 0.24178645833333334 0.33973437500000003
0 0.6527213541666667 0.5077773437499999 0.07268229166666665 0.07514843749999996
1 0.4200520833333333 0.43628125000000006 0.007614583333333276 0.012015624999999997
1 0.3553151041666666 0.42945703124999995 0.010223958333333331 0.02555468749999994
0 0.3472109375 0.4833671875 0.06572395833333336 0.06671874999999998
0 0.7069973958333333 0.51258984375 0.05915104166666663 0.06817968749999999
0 0.5716354166666666 0.5347109375000001 0.06632291666666675 0.08251562500000001
0 0.5315963541666666 0.4750078125 0.030119791666666628 0.047093749999999976
