1 0.389125 0.4904921875 0.02408333333333334 0.03806250000000002
0 0.5497005208333333 0.5595 0.048703125000000055 0.063484375
0 0.7358307291666667 0.7176914062499999 0.27270312499999994 0.32650781249999994
0 0.6854973958333334 0.52760546875 0.08273437499999996 0.05897656250000001
1 0.4047421875 0.51084765625 0.00689062500000001 0.0134765625
1 0.18856510416666664 0.46457812499999995 0.031026041666666664 0.04742187500000004
1 0.5821640625000001 0.49152343750000005 0.021088541666666672 0.034109374999999977
0 0.5689114583333333 0.5823984375 0.06302083333333333 0.08375000000000003
1 0.3895442708333333 0.45769140625000004 0.015036458333333336 0.02680468749999996
0 0.6191822916666666 0.6120625000000001 0.11104166666666669 0.17425000000000007
