0 0.8337135416666667 0.7359843749999999 0.33257291666666666 0.4808125
1 0.39083854166666665 0.4392421875 0.014979166666666661 0.02510937499999999
0 0.5507005208333333 0.5078437499999999 0.037578125000000046 0.04762500000000003
1 0.6824609374999999 0.46063671875 0.00283854166666669 0.01824218749999993
1 0.6806953124999999 0.47798828125000004 0.006828124999999948 0.031601562499999944
0 0.616375 0.5642890625 0.08735416666666668 0.13500000000000006
0 0.7032890625 0.61703515625 0.20567187500000006 0.29489843749999994
0 0.6596744791666665 0.521953125 0.0694947916666667 0.07243750000000002
1 0.43539583333333337 0.45101171875000007 0.007374999999999983 0.011664062499999961
1 0.3748359375 0.44350781250000004 0.009703124999999998 0.024343749999999977
0 0.3656510416666666 0.49620312499999997 0.0628645833333333 0.06440625000000004
0 0.7119088541666667 0.5270234375 0.05620312499999992 0.066203125
0 0.580875 0.5466015625 0.06283333333333327 0.08026562500000001
0 0.5435 0.489328125 0.02930208333333339 0.045937499999999964
