0 0.833453125 0.7466523437499999 0.33309374999999997 0.5066953125
1 0.38316406249999996 0.43741796875 0.015203124999999968 0.025460937500000023
0 0.5452005208333334 0.5060234375 0.03791145833333338 0.047968749999999984
1 0.6782161458333335 0.45791796875 0.002890624999999976 0.018445312500000012
1 0.6764453125000001 0.47543359375000005 0.006859374999999919 0.031929687500000005
0 0.6123151041666667 0.5633828125 0.08900520833333327 0.13696874999999994
0 0.7036510416666667 0.61882421875 0.21361458333333327 0.3047734375
0 0.6552473958333334 0.51993359375 0.07023437499999995 0.07296093749999999
1 0.42889583333333337 0.44923046875 0.007437499999999986 0.011757812499999964
1 0.36726562500000004 0.44198828125 0.009833333333333331 0.02463281249999998
0 0.3583802083333333 0.49507812500000004 0.06360416666666667 0.06504687499999999
0 0.7079557291666667 0.524796875 0.056880208333333356 0.066515625
0 0.5759270833333334 0.54525 0.06368749999999998 0.08098437499999997
0 0.5379010416666666 0.4875 0.029499999999999933 0.046218750000000065
