1 0.3087916666666667 0.4372851562499999 0.024031250000000053 0.03996093749999998
0 0.8582447916666667 0.53219921875 0.10819791666666667 0.0822265625
0 0.550875 0.5304140625 0.04920833333333334 0.06259375
1 0.7441718749999999 0.46244531250000004 0.005322916666666681 0.026000000000000068
1 0.7406328124999999 0.48675390625 0.007994791666666739 0.04494531249999998
0 0.7121901041666666 0.65660546875 0.19497395833333328 0.2814453125
0 0.7072916666666667 0.55371875 0.10357291666666674 0.10434374999999996
1 0.4043333333333333 0.46118359375000006 0.009281250000000026 0.014601562499999953
1 0.30504947916666664 0.44665234374999996 0.014682291666666635 0.03442968750000004
0 0.5313802083333333 0.5126523437499999 0.029552083333333277 0.03816406250000002
0 0.30645833333333333 0.52486328125 0.08828125 0.08688281249999993
0 0.7806927083333333 0.557578125 0.08913541666666672 0.09615625000000003
1 0.7932109374999999 0.43398046875 0.004848958333333305 0.01635156250000005
0 0.6092473958333334 0.59407421875 0.10232812500000002 0.1296796875
0 0.5398359374999999 0.5104609375 0.036265624999999996 0.056906249999999936
