1 0.40884114583333336 0.44043359375 0.014682291666666696 0.023039062500000006
1 0.1631067708333333 0.39777343750000005 0.03918229166666665 0.06434375
0 0.9356223958333333 0.5202890625000001 0.12875520833333334 0.10845312500000004
0 0.5399296875 0.5214375 0.06079687500000001 0.07462500000000008
1 0.8105598958333334 0.42598437499999997 0.009286458333333414 0.036484375000000034
1 0.8040104166666667 0.458953125 0.00813541666666661 0.061812500000000006
0 0.8537369791666667 0.75742578125 0.29252604166666674 0.48514843750000003
0 0.752703125 0.55405859375 0.14726041666666667 0.13717968750000004
1 0.3629661458333333 0.4427890625 0.011161458333333367 0.01743749999999995
1 0.20829427083333332 0.41267578125000004 0.02183854166666667 0.0478984375
0 0.5142786458333333 0.49909375 0.0336927083333333 0.042593749999999986
0 0.23072395833333334 0.52564453125 0.11937500000000002 0.11147656249999996
1 0.40932291666666665 0.4208984375 0.009135416666666648 0.01626562499999995
0 0.8506901041666666 0.555265625 0.13364062499999996 0.126171875
1 0.8388411458333332 0.396078125 0.006557291666666624 0.02053125000000002
0 0.6401640624999999 0.62789453125 0.16483854166666667 0.19958593750000003
0 0.5251614583333333 0.49837500000000007 0.04274999999999996 0.06676562499999994
0 0.1578828125 0.562796875 0.11393229166666667 0.09725000000000002
