0 0.7432005208333334 0.44954687499999996 0.18821354166666673 0.370484375
0 0.7474427083333333 0.48975390625 0.08412499999999999 0.1431484375
1 0.6096822916666667 0.41796484375 0.00987500000000002 0.016414062499999993
1 0.8401041666666667 0.29777734375 0.035312500000000094 0.05777343749999999
0 0.9537994791666667 0.46187500000000004 0.09240104166666671 0.16139062499999998
0 0.9981875 0.7596328125 0.003625000000000019 0.47003125000000007
0 0.7437031249999999 0.4820703125 0.050083333333333376 0.07985937499999993
0 0.8120442708333333 0.46760156249999996 0.048057291666666654 0.05354687499999997
1 0.8361328125 0.36910546875 0.05624479166666655 0.08352343749999998
0 0.5929427083333333 0.44991796875 0.04672916666666668 0.048507812500000025
1 0.3823697916666667 0.349734375 0.022416666666666647 0.03631249999999997
