1 0.2575989583333333 0.41905078125 0.02872916666666665 0.04744531250000002
0 0.8826666666666667 0.5261992187500001 0.12456249999999992 0.09030468750000002
0 0.5400572916666666 0.52330078125 0.05334374999999992 0.06636718749999995
1 0.7597343750000001 0.44732421875000006 0.006541666666666638 0.029507812499999987
1 0.7551380208333334 0.47446484375000003 0.008171875000000028 0.050539062499999954
0 0.7706458333333333 0.7042890625 0.28025000000000005 0.38317187500000005
0 0.7156744791666667 0.55073828125 0.11789062499999996 0.11483593750000001
1 0.3825572916666667 0.44957812500000005 0.009979166666666709 0.015640624999999984
1 0.2656380208333333 0.427890625 0.01704687499999998 0.03914062500000002
0 0.5181770833333333 0.50365234375 0.031083333333333366 0.03947656250000007
0 0.27248437500000006 0.51934765625 0.09927083333333335 0.09547656250000003
0 0.7973776041666666 0.55408984375 0.10349479166666668 0.10582031250000004
1 0.802890625 0.4179375 0.005437500000000028 0.017843750000000026
0 0.6120989583333334 0.600171875 0.12154166666666673 0.150296875
0 0.527640625 0.5020078124999999 0.03865625000000002 0.06043750000000001
