1 0.40070312499999994 0.43227734375000004 0.02009375000000002 0.03177343749999997
0 0.5349531249999999 0.49224218749999993 0.04059374999999997 0.05032812499999997
0 0.6191302083333333 0.55939453125 0.13179166666666664 0.15417968750000002
0 0.6555026041666667 0.46757031250000003 0.0717135416666667 0.051468749999999994
1 0.4115104166666666 0.44986718749999993 0.005916666666666673 0.011640624999999983
1 0.28983854166666667 0.41579296875000005 0.020052083333333335 0.031257812499999996
1 0.5643359375 0.43395703125 0.01822395833333334 0.02952343749999997
0 0.5480911458333334 0.50902734375 0.0495364583333334 0.061898437499999924
0 0.037809895833333336 0.6068203125 0.07561979166666667 0.296375
1 0.401109375 0.4049765625 0.012531249999999971 0.02243750000000002
0 0.575140625 0.5161640625 0.07297916666666661 0.11368750000000008
