0 0.8937604166666666 0.62101953125 0.2124791666666667 0.7579609375
0 0.8050052083333334 0.703703125 0.15401041666666668 0.25657812500000005
1 0.5561640625000001 0.5505078125 0.011932291666666591 0.020156249999999966
0 0.6947265625 0.6110703125000001 0.03309895833333343 0.04935937499999996
1 0.8048541666666666 0.569140625 0.0020937499999999906 0.016125000000000077
1 0.8038307291666666 0.584265625 0.006640625 0.028140624999999985
0 0.7324270833333334 0.64823828125 0.06470833333333334 0.11392968749999995
0 0.09167708333333334 0.6750468749999999 0.05514583333333334 0.048203124999999944
0 0.7624166666666666 0.6622109375 0.11611458333333337 0.19806249999999997
0 0.7872395833333333 0.620890625 0.059260416666666774 0.07081249999999999
1 0.5423880208333334 0.55005859375 0.007942708333333333 0.020195312500000017
1 0.9927552083333334 0.50302734375 0.0144895833333333 0.15764843749999996
0 0.5321015625 0.59773046875 0.05286979166666672 0.06102343750000001
1 0.17985677083333332 0.470046875 0.04317187499999999 0.07068750000000001
0 0.7130885416666667 0.6401562500000001 0.05078125 0.07623437500000003
