0 0.8055312499999999 0.6872265625 0.19721875000000005 0.29806250000000006
1 0.5054322916666667 0.496671875 0.012770833333333382 0.021375000000000012
0 0.6480807291666667 0.558828125 0.03448437500000002 0.04718749999999998
1 0.7655390625 0.516375 0.002328125000000014 0.01637500000000003
1 0.764203125 0.5321718750000001 0.006656249999999986 0.02873437500000007
0 0.6957421875 0.60373046875 0.07124479166666665 0.11760156249999998
0 0.02147395833333333 0.6284453125 0.04294791666666666 0.04803125000000001
0 0.7412526041666666 0.62969140625 0.13811979166666669 0.21647656249999994
0 0.7459817708333333 0.57066015625 0.06241145833333341 0.0695390625
1 0.5417500000000001 0.5064179687499999 0.0067708333333333336 0.010664062499999983
1 0.49019010416666664 0.49768359375000004 0.008401041666666664 0.020945312500000045
0 0.4796223958333333 0.5465429687500001 0.05546354166666667 0.059664062500000004
1 0.004330729166666667 0.40242187500000004 0.008661458333333334 0.10056250000000003
0 0.79403125 0.57626171875 0.04961458333333333 0.06453906250000001
0 0.6709270833333334 0.59186328125 0.05443749999999999 0.0752890625
