0 0.82646875 0.68984765625 0.29507291666666663 0.3956171875000001
1 0.42891406249999997 0.43393359374999996 0.014182291666666676 0.023882812500000038
0 0.581546875 0.5015703125 0.03649999999999996 0.04643750000000004
1 0.7088515624999999 0.45751953125 0.0026718749999999386 0.017679687500000086
1 0.7071484375 0.47428515625 0.006755208333333347 0.03063281250000003
0 0.6417890625000001 0.55486328125 0.08161979166666657 0.1262734375
0 0.7135572916666667 0.5960546875 0.17933333333333343 0.26139062500000004
0 0.6868385416666667 0.51602734375 0.0670312499999999 0.07013281249999999
1 0.4695963541666667 0.4454453125000001 0.007161458333333333 0.01135937500000006
1 0.4127291666666667 0.43707031250000006 0.009229166666666622 0.0234375
0 0.40270833333333333 0.48764453124999996 0.06014583333333334 0.062132812500000065
0 0.7375703125 0.5219140624999999 0.053932291666666764 0.06373437500000004
0 0.6096171875 0.538921875 0.05991145833333332 0.07623437500000003
0 0.5747161458333333 0.483203125 0.02866145833333332 0.044921875
