1 0.3166171875 0.4090234375 0.023109375 0.03867187499999995
0 0.5507890624999999 0.4998671874999999 0.048255208333333265 0.06039062500000005
1 0.7381041666666666 0.4348515624999999 0.005052083333333357 0.025703124999999983
1 0.7347526041666667 0.45838671875000003 0.007911458333333243 0.04411718750000002
0 0.6989036458333333 0.6166328125 0.17978645833333337 0.25568749999999996
0 0.9000807291666667 0.6707421874999999 0.1998385416666667 0.6585156249999999
0 0.7026744791666668 0.522578125 0.100265625 0.09957812500000003
1 0.4066796875 0.4320234375 0.009130208333333379 0.014468749999999985
1 0.3108932291666667 0.41871875000000003 0.014213541666666647 0.03403125000000005
0 0.3114947916666667 0.49200390625 0.0859375 0.08514843750000001
0 0.7741171875 0.52671875 0.08582812499999998 0.09074999999999997
1 0.7884036458333334 0.40671484375 0.004703124999999986 0.016242187500000015
0 0.6060078124999999 0.56131640625 0.09813020833333337 0.12013281249999999
0 0.540109375 0.47982421875 0.03570833333333331 0.05616406249999999
