1 0.4078984375 0.4197890624999999 0.017494791666666683 0.027609375000000026
0 0.5249973958333334 0.47236328125 0.03539062500000002 0.04410156250000004
0 0.5782265625 0.51935546875 0.08983854166666667 0.10832031249999999
1 0.4159479166666667 0.43455468750000004 0.005249999999999962 0.010359374999999994
0 0.9162213541666666 0.597453125 0.1675572916666667 0.26578125
1 0.3335234375 0.41434375 0.015182291666666714 0.02379687500000003
0 0.5350651041666666 0.4868359375 0.041671874999999935 0.052515625000000024
0 0.10467968750000001 0.5388125 0.208421875 0.18024999999999994
1 0.4082864583333334 0.39608203125 0.01090624999999997 0.01950781250000002
0 0.836078125 0.7853515625 0.32784375000000004 0.429296875
0 0.5526640625 0.489171875 0.056703125 0.088859375
0 0.05047135416666667 0.59242578125 0.10094270833333334 0.15464843749999996
