0 0.8473697916666667 0.7444765625 0.30526041666666665 0.511046875
1 0.3678177083333333 0.42779687499999997 0.01627083333333334 0.027218750000000024
0 0.5398046875 0.5003984375 0.039484374999999974 0.04993750000000006
1 0.6804895833333333 0.451015625 0.0031562499999999716 0.019484374999999953
1 0.6784921875 0.4693515625 0.0070677083333333 0.0336875
0 0.6152447916666667 0.56423828125 0.0982083333333333 0.1491953125
0 0.7358645833333334 0.64069921875 0.2643020833333332 0.36821093749999995
0 0.6557786458333333 0.51625 0.07434895833333334 0.07687499999999999
1 0.4190338541666667 0.4410234375 0.007723958333333354 0.012203125000000004
1 0.3524296875 0.43380078125 0.010463541666666683 0.026039062499999942
0 0.344671875 0.48870703125000003 0.06705208333333333 0.0680703125
0 0.711140625 0.52153515625 0.06070833333333343 0.06983593749999999
0 0.5735208333333333 0.5426796875 0.06810416666666666 0.08571875000000002
0 0.5320286458333333 0.48166015624999997 0.030515624999999956 0.047835937500000016
