0 0.8070807291666667 0.5993867187499999 0.24342187499999995 0.47467968749999995
0 0.7773697916666668 0.6160078125 0.09572916666666664 0.17106250000000003
1 0.6109166666666667 0.52625390625 0.010416666666666666 0.017507812499999977
1 0.8885651041666667 0.38379296875 0.04152604166666667 0.06669531250000005
0 0.9795755208333332 0.56624609375 0.040848958333333366 0.18167968750000005
0 0.7584713541666666 0.5998046875 0.05392187499999999 0.09203124999999997
0 0.8237812499999999 0.581640625 0.05170833333333332 0.0609375
1 0.5997812499999999 0.525296875 0.007156250000000005 0.017609374999999972
1 0.8859010416666667 0.466609375 0.06611458333333337 0.09781250000000004
0 0.5932708333333333 0.56855859375 0.04826041666666671 0.05299218749999994
1 0.357234375 0.45871875000000006 0.02602083333333335 0.04245312500000002
0 0.7510651041666667 0.59908203125 0.04430729166666663 0.06346093750000001
