1 0.34405989583333335 0.47034765624999997 0.01909895833333331 0.031851562499999986
0 0.5418177083333333 0.55213671875 0.043375000000000045 0.0580078125
1 0.7024427083333333 0.49642578125 0.00390625 0.0216796875
1 0.6999401041666666 0.5172343749999999 0.0074947916666666 0.03792187500000006
0 0.6440104166666667 0.6364531250000001 0.12751041666666676 0.19850000000000004
0 0.8277604166666667 0.75166015625 0.3444791666666667 0.4966796875
0 0.6734166666666667 0.5717343749999999 0.08536458333333338 0.09143750000000006
1 0.4105989583333333 0.48745703124999995 0.008364583333333305 0.013179687500000004
1 0.33115364583333334 0.48034765625000003 0.012078124999999969 0.02875781249999996
0 0.3267734375 0.54220703125 0.07552604166666667 0.07747656249999997
0 0.7358046874999999 0.5767265625 0.07122395833333334 0.08462500000000003
1 0.7559453125 0.4696953125 0.004046874999999991 0.01420312499999996
0 0.5843411458333333 0.60255078125 0.08046354166666667 0.10764843749999997
0 0.5327421875 0.53321875 0.03289062500000005 0.053062500000000054
