1 0.41022135416666666 0.4280546875 0.015994791666666685 0.02518750000000001
0 0.5170677083333334 0.47775 0.0323333333333333 0.04037500000000005
0 0.9913125 0.52205859375 0.01737499999999995 0.14127343749999993
0 0.55825 0.51762890625 0.07280208333333332 0.08888281250000007
1 0.9361848958333333 0.39239453125 0.015901041666666654 0.05075781250000002
1 0.9243151041666666 0.43718359375000004 0.010682291666666661 0.08471093749999996
0 0.8436979166666667 0.56674609375 0.20739583333333336 0.18277343749999994
1 0.35227864583333335 0.42671484374999996 0.012911458333333315 0.020242187499999974
1 0.1228046875 0.37878515625000003 0.031734375 0.06519531250000003
0 0.5256119791666667 0.49114062500000005 0.037317708333333324 0.04720312499999997
0 0.18195833333333333 0.5251210937499999 0.15416666666666667 0.13894531250000003
1 0.4107057291666667 0.4065078125 0.009963541666666664 0.017796875000000024
0 0.93671875 0.567046875 0.1265625 0.16692187499999997
1 0.9187369791666666 0.36826171875 0.008515625000000072 0.025023437499999978
0 0.7372343749999999 0.7033359375 0.28398958333333335 0.330765625
0 0.5392317708333334 0.49173046875 0.04891145833333332 0.07658593749999998
0 0.09569531249999999 0.568953125 0.147828125 0.11953125
