1 0.26347916666666665 0.42465624999999996 0.05280208333333336 0.08378124999999996
0 0.6040520833333333 0.5584296875 0.10466666666666669 0.12270312500000005
0 0.5055755208333333 0.44689453125 0.042317708333333336 0.05778906250000002
0 0.21677083333333336 0.40208203124999997 0.05707291666666666 0.05832031250000003
0 0.33613020833333335 0.47765625 0.045343749999999974 0.056015625000000034
0 0.6825598958333333 0.43390234375 0.05928645833333342 0.07928906250000001
0 0.8015989583333334 0.49060546874999994 0.13864583333333336 0.09521093750000001
0 0.8095442708333334 0.4505703125 0.13734895833333335 0.08534375000000001
1 0.331734375 0.46731249999999996 0.01253125000000003 0.024203125000000013
1 0.6452864583333332 0.440328125 0.03661458333333331 0.05879687499999999
0 0.5602630208333333 0.423984375 0.046536458333333405 0.059812500000000005
0 0.7172499999999999 0.662734375 0.221875 0.25553125000000004
0 0.6122578125 0.4287421875 0.05380729166666664 0.06567187500000005
1 0.2640625 0.35199609375 0.03333333333333333 0.05946093750000001
