0 0.8519765625000001 0.748546875 0.29604687500000004 0.50290625
1 0.366984375 0.4346015625 0.01646875 0.027531250000000007
0 0.5404609375 0.50910546875 0.03973437499999998 0.05025781250000003
1 0.6827786458333333 0.459609375 0.0032031250000000475 0.01956250000000006
1 0.6806953124999999 0.4781015625 0.007109375000000047 0.03384375000000004
0 0.6176692708333335 0.5743984375 0.10004687499999995 0.15304687499999997
0 0.7455963541666667 0.6588046875 0.27639062500000006 0.38257812499999994
0 0.6575781250000001 0.5257421875 0.07509375000000003 0.07778125000000005
1 0.4190989583333334 0.4483984375 0.007770833333333312 0.012265624999999947
1 0.35166927083333327 0.44080078125 0.010588541666666689 0.026195312499999977
0 0.3439244791666667 0.4963749999999999 0.06771354166666667 0.06865625
0 0.7134557291666667 0.5311054687500001 0.0614010416666666 0.07114843750000004
1 0.7375677083333334 0.434359375 0.003593749999999929 0.013265625000000014
0 0.5747604166666667 0.551859375 0.06890624999999997 0.08774999999999995
0 0.5326067708333333 0.49021484375 0.030692708333333308 0.04810156249999995
