1 0.26613281250000004 0.4236171875 0.027921874999999978 0.046250000000000034
0 0.8782734375 0.53125 0.12179687500000007 0.08909374999999997
0 0.5414140624999999 0.527234375 0.05267187499999994 0.066203125
1 0.7567786458333333 0.4532890625 0.006328124999999929 0.02887500000000003
1 0.7523593749999999 0.479984375 0.00813541666666661 0.04962499999999999
0 0.7589687499999999 0.6983828125 0.2634375 0.36509374999999994
0 0.7139114583333334 0.55458984375 0.11548958333333334 0.11374218749999994
1 0.3857057291666667 0.45357421875000004 0.009869791666666631 0.015507812500000018
1 0.2718541666666667 0.4325078124999999 0.016656250000000008 0.038359375000000015
0 0.5198828125 0.5078671874999999 0.030838541666666625 0.039406249999999955
0 0.27760416666666665 0.5219765625 0.09748958333333334 0.09434374999999999
0 0.79425 0.558265625 0.10106249999999999 0.10487500000000001
1 0.8009375000000001 0.42417187500000003 0.005333333333333338 0.017578125
0 0.6112057291666666 0.60209765625 0.1182552083333333 0.14763281249999993
0 0.5292109375 0.5062265625 0.038276041666666615 0.05998437499999998
