1 0.3370234375 0.47583984375000005 0.01999479166666666 0.03307031250000003
0 0.5432005208333333 0.5551640624999999 0.0445572916666667 0.059078125
1 0.7096536458333332 0.4949375 0.004161458333333338 0.02240625000000005
1 0.7070338541666668 0.51647265625 0.007609374999999948 0.03924218750000001
0 0.6545312499999999 0.646390625 0.13791666666666663 0.21176562499999996
0 0.8388776041666667 0.7526601562499999 0.3222447916666667 0.4946796875
0 0.67946875 0.573609375 0.08878125000000002 0.09359374999999996
1 0.4087942708333333 0.49169140625 0.008546875000000042 0.013367187500000011
1 0.32541666666666663 0.486140625 0.01257291666666666 0.029593749999999995
0 0.3223020833333334 0.54991015625 0.078 0.07983593750000004
0 0.7439713541666666 0.57726953125 0.07454687500000005 0.08674218749999998
1 0.7626015625000001 0.46637890624999995 0.0042031249999999664 0.014570312499999983
0 0.5884973958333333 0.60812109375 0.08442187500000008 0.11186718750000005
0 0.5337447916666667 0.53606640625 0.03357291666666669 0.05391406249999999
