1 0.34251302083333335 0.45075390625 0.03646354166666666 0.05780468750000001
0 0.58190625 0.550921875 0.07355208333333323 0.09025000000000008
0 0.5119583333333334 0.46618750000000003 0.035875 0.04831250000000002
0 0.36782031249999997 0.49266015625000004 0.03719270833333332 0.047554687500000005
0 0.662765625 0.4529570312500001 0.048406250000000026 0.0663046875
0 0.7526223958333333 0.5030546875 0.11134895833333332 0.077828125
0 0.284375 0.54259375 0.10853125000000002 0.070015625
1 0.37660937499999997 0.48273828124999996 0.009583333333333322 0.018648437500000004
1 0.6206744791666666 0.4591953125 0.028786458333333324 0.046390625
0 0.5584817708333334 0.4464453125 0.03891145833333335 0.04954687499999997
0 0.6299505208333334 0.600359375 0.11583854166666671 0.143265625
0 0.6028671875 0.45044921875000005 0.044557291666666644 0.05453906250000005
1 0.3430390625 0.40078125 0.02286979166666671 0.040874999999999995
0 0.8474687499999999 0.7656328125 0.3050625 0.46873437500000004
