1 0.39812760416666665 0.47985156250000005 0.02191145833333336 0.03459374999999998
0 0.5450052083333332 0.54125390625 0.04443749999999997 0.05677343749999997
0 0.66428125 0.63471875 0.17980208333333333 0.21621875000000007
0 0.6727161458333334 0.5104140625 0.076953125 0.054546875000000036
1 0.41126822916666667 0.49856640625 0.006369791666666676 0.012460937499999946
1 0.25188802083333334 0.4609648437500001 0.024421874999999992 0.03757031250000002
1 0.5753828125000001 0.47748828125 0.019557291666666643 0.031601562499999944
0 0.5607994791666667 0.55989453125 0.05570312500000003 0.07261718749999994
1 0.39831510416666666 0.45001953125 0.013671875 0.024382812500000028
0 0.5966979166666667 0.5751601562499999 0.08857291666666664 0.13835156250000002
