1 0.2827395833333333 0.41205468750000007 0.026468749999999968 0.04403125000000001
0 0.8715546875 0.5166171875 0.116796875 0.08634374999999998
0 0.5453229166666667 0.51262109375 0.051427083333333394 0.06399218749999998
1 0.7529244791666667 0.44192187499999996 0.005953124999999915 0.02809375000000003
1 0.7487578125 0.46763671875 0.008088541666666772 0.04808593750000005
0 0.7405130208333333 0.6665078125 0.2354427083333333 0.32751562500000003
0 0.711984375 0.53940234375 0.11110416666666675 0.10855468749999994
1 0.39296614583333334 0.44017578124999995 0.00966145833333331 0.015242187499999994
1 0.28459375000000003 0.421 0.015927083333333356 0.03728125000000002
0 0.524484375 0.493703125 0.030375000000000027 0.03878124999999999
0 0.28861458333333334 0.50543359375 0.09411458333333332 0.09167968750000002
0 0.7897864583333333 0.5434296875 0.09664583333333342 0.09968750000000001
1 0.798984375 0.41316406249999993 0.005156250000000047 0.017265625000000017
0 0.610890625 0.5837265625000001 0.11224999999999999 0.1381875
0 0.5335390624999999 0.49164453125000007 0.03755729166666667 0.05892968749999996
