0 0.8881015624999999 0.7460078125 0.22379687500000003 0.507984375
1 0.35582291666666666 0.42885156250000006 0.017833333333333336 0.029750000000000033
0 0.5420494791666667 0.5058828125 0.041703124999999966 0.05245312499999999
1 0.6940442708333333 0.4522421875 0.0035781249999999433 0.020906249999999994
1 0.6917213541666667 0.47183984374999993 0.0073281250000000854 0.03608593749999996
0 0.6316770833333334 0.57959375 0.1136354166666667 0.17062500000000008
0 0.8151666666666666 0.7059960937499999 0.36966666666666664 0.5005078125
0 0.6667682291666668 0.52328515625 0.0805052083333333 0.08214843749999998
1 0.41532031249999996 0.4441796875 0.008088541666666652 0.012750000000000039
1 0.34160677083333335 0.43722265625 0.011359374999999972 0.027851562499999982
0 0.33570833333333333 0.49538281249999994 0.07176041666666672 0.072171875
0 0.7260703125 0.5281757812500001 0.06655729166666664 0.07494531249999996
1 0.748390625 0.42600390625000006 0.0038437499999999384 0.013945312500000018
0 0.5805833333333332 0.5522421875 0.07488541666666665 0.09406250000000008
0 0.533546875 0.4868125 0.03187500000000002 0.049890624999999925
