1 0.24752083333333333 0.40787109375 0.02961458333333334 0.0489296875
0 0.8862187499999999 0.51544921875 0.12733333333333335 0.09186718750000003
0 0.5377890625 0.513578125 0.05402604166666668 0.06678125000000001
1 0.7618723958333333 0.4360390625 0.006765625000000005 0.03029687499999998
1 0.7570963541666667 0.4636484375 0.008171875000000028 0.05167187499999999
0 0.7829166666666667 0.7058085937499999 0.29918750000000005 0.4020546875
0 0.7165989583333333 0.5416015625 0.12033333333333343 0.11553125000000009
1 0.37843489583333334 0.4396640625 0.010098958333333326 0.01584374999999998
1 0.2581875 0.4168046875 0.017479166666666667 0.04017187500000001
0 0.5155598958333333 0.49371875000000004 0.03132812500000005 0.03978124999999997
0 0.26630468749999997 0.51002734375 0.10116145833333332 0.09700781249999997
0 0.7996796875 0.54470703125 0.10597395833333323 0.10608593749999998
1 0.8038880208333334 0.40649218750000005 0.005526041666666615 0.01817187500000004
0 0.6122135416666666 0.592890625 0.1250208333333333 0.152328125
0 0.5251640625 0.49207421875 0.039036458333333295 0.0610390625
