1 0.4090052083333333 0.44506640624999994 0.014552083333333302 0.02288281250000006
1 0.17585677083333331 0.4041015625 0.03763020833333333 0.06193749999999998
0 0.9313645833333334 0.5256367187500001 0.13727083333333331 0.10596093749999999
0 0.538578125 0.5258242187500001 0.0597916666666667 0.0739296875
1 0.8017421874999999 0.433109375 0.008859374999999996 0.035421874999999936
1 0.7955286458333333 0.4652421875 0.008161458333333371 0.06010937500000004
0 0.8459895833333333 0.75859375 0.30802083333333335 0.4828125
0 0.7460859375000001 0.5577578125 0.1430052083333333 0.13490624999999995
1 0.36417968749999996 0.44746484375 0.01100520833333333 0.017226562499999966
1 0.2148828125 0.41773437499999994 0.02116145833333333 0.046656249999999976
0 0.5134479166666667 0.5038476562499999 0.033354166666666706 0.042257812500000026
0 0.23492968749999996 0.52862890625 0.11666145833333331 0.10961718749999996
1 0.4095026041666667 0.42571484374999996 0.009057291666666719 0.016148437499999967
0 0.8417734375 0.5592890625 0.12923437499999993 0.12417187500000004
1 0.8323697916666667 0.40319140625000005 0.006395833333333319 0.02013281250000003
0 0.6345208333333333 0.6278515625 0.1582395833333334 0.19350000000000006
0 0.5241302083333333 0.5030625000000001 0.04220833333333331 0.06604687500000006
0 0.1631796875 0.5648593749999999 0.11127604166666667 0.09606250000000002
