0 0.8068046875 0.6670390625 0.21322395833333338 0.30821875
1 0.48927604166666666 0.46415625 0.013041666666666648 0.021828125000000042
0 0.6333072916666667 0.5276484375000001 0.03485416666666671 0.04539062500000002
1 0.753 0.48502734375 0.002406249999999943 0.016445312500000052
1 0.7515234375 0.5010351562500001 0.006671874999999971 0.028835937499999974
0 0.6837734375 0.57446875 0.07322395833333341 0.11685937500000003
0 0.009580729166666666 0.5971640625 0.019161458333333332 0.04690624999999997
0 0.7344505208333333 0.6038671875 0.14555729166666667 0.21881250000000002
0 0.7327083333333333 0.54016015625 0.06329166666666666 0.06780468749999997
1 0.5260494791666667 0.47433593749999997 0.0068489583333333215 0.010765624999999978
1 0.4736692708333333 0.46575390624999996 0.00855729166666664 0.021554687500000023
0 0.46302604166666667 0.51493359375 0.05634375000000003 0.05832031250000007
0 0.7812421875000001 0.54582421875 0.050442708333333405 0.062492187500000004
0 0.6573359375 0.56162890625 0.05548437499999999 0.07327343749999997
