1 0.3996875 0.45724609374999997 0.020552083333333353 0.03246093749999997
0 0.5375807291666667 0.5162460937500001 0.04165104166666674 0.05172656249999994
0 0.6294947916666668 0.5875234375 0.14285416666666664 0.16990625
0 0.6599453125 0.48808984375 0.07310937499999995 0.05227343750000006
1 0.41125520833333334 0.475046875 0.006031249999999962 0.01182812499999999
1 0.2797265625 0.441375 0.021098958333333327 0.03267187500000004
1 0.5669505208333334 0.45563671875 0.018567708333333263 0.03005468750000002
0 0.5513880208333333 0.5329843750000001 0.051192708333333316 0.06503125000000001
0 0.02040625 0.6636796875 0.0408125 0.32934374999999994
1 0.3998958333333333 0.42927734375000004 0.012822916666666668 0.02289843749999996
0 0.5803697916666667 0.5423125000000001 0.07690625000000004 0.11903125
