1 0.3208984375 0.38614453125 0.022682291666666642 0.0380859375
0 0.5509531249999999 0.47572656250000006 0.04773958333333338 0.059843750000000015
1 0.7356796875 0.41344921874999996 0.0049218750000000235 0.02569531249999999
1 0.7323385416666668 0.43668359374999993 0.007864583333333404 0.044007812500000035
0 0.6932135416666667 0.5877226562500001 0.17296874999999995 0.2467578125
0 0.8895156249999999 0.6461640624999999 0.22096875 0.707671875
0 0.7006354166666667 0.49831249999999994 0.09861458333333341 0.09832812500000002
1 0.40822656250000006 0.40872265625 0.00905729166666666 0.014414062499999946
1 0.3142057291666667 0.39580859375 0.01399479166666667 0.03400781249999998
0 0.3142421875 0.46619921875000003 0.08483854166666666 0.08421093749999997
0 0.7711015625 0.5026484375000001 0.08417187499999995 0.08935937499999999
1 0.7865312499999999 0.38544140625 0.004635416666666596 0.01624218749999997
0 0.6046614583333334 0.536671875 0.09607291666666669 0.11531250000000001
0 0.5404635416666667 0.4560859375 0.03542708333333338 0.05599999999999996
