1 0.40339843750000004 0.4250625 0.018703124999999984 0.029468750000000023
0 0.5283958333333333 0.48080078125 0.03778124999999998 0.04685156249999993
0 0.5940729166666666 0.5358945312500001 0.1067499999999999 0.1267578125
1 0.4126666666666666 0.44109375 0.005562499999999974 0.0109375
0 0.969421875 0.7005742187499999 0.06115625000000004 0.45953906249999993
1 0.3136510416666667 0.41526562499999997 0.017281249999999974 0.026953125
1 0.5565625 0.42552343750000005 0.017177083333333343 0.02776562500000006
0 0.5398072916666666 0.49630859374999997 0.04521874999999997 0.056632812500000004
0 0.07715364583333333 0.567109375 0.15430729166666665 0.22531249999999997
1 0.40382552083333334 0.39968359374999995 0.011661458333333326 0.020820312499999983
0 0.5614140625 0.50065234375 0.06363020833333331 0.09944531249999997
0 0.014442708333333333 0.6268125 0.028885416666666667 0.1930625
