1 0.3417395833333333 0.48075390625000003 0.019395833333333338 0.032242187499999984
0 0.5422473958333334 0.56188671875 0.04378645833333336 0.05911718749999997
1 0.7048411458333333 0.5048007812499999 0.003984374999999929 0.02196093750000001
1 0.7023125 0.5258085937500001 0.0075416666666666765 0.03852343750000005
0 0.6474348958333334 0.64848828125 0.13086979166666665 0.20432031250000007
0 0.83121875 0.7553828125 0.33756249999999993 0.489234375
0 0.6754661458333333 0.5811796875 0.08652604166666672 0.09304687500000001
1 0.40991927083333335 0.49750390625000007 0.008432291666666637 0.013242187499999947
1 0.32915625 0.4910781249999999 0.01224999999999999 0.028953125000000045
0 0.32514843750000005 0.55334375 0.07639062499999998 0.07914062499999996
0 0.7385911458333333 0.5857617187499999 0.0723385416666666 0.08635156249999998
1 0.7581901041666667 0.4774453125 0.0040989583333333945 0.014265624999999994
0 0.5857083333333333 0.6131796875 0.08179166666666665 0.11028125000000007
0 0.5330364583333334 0.5428984375 0.03313541666666667 0.05393749999999997
