0 0.7349973958333335 0.42819921875 0.1814427083333334 0.3570234375
0 0.7431458333333333 0.46956640625000007 0.08253125000000001 0.14035156249999997
1 0.6096119791666667 0.40018750000000003 0.009796874999999972 0.01628124999999998
1 0.8332161458333334 0.284328125 0.03448437500000002 0.05645312499999999
0 0.9499791666666667 0.446171875 0.10004166666666663 0.15912500000000004
0 0.9833385416666667 0.72546484375 0.033322916666666674 0.43124218749999993
0 0.7416536458333333 0.46277734375 0.049723958333333346 0.07892968749999998
0 0.8103567708333334 0.44947265625000005 0.047526041666666664 0.05435156250000004
1 0.8290677083333333 0.35404296875 0.0549166666666667 0.08163281250000001
0 0.5930624999999999 0.4306367187499999 0.046510416666666644 0.04928906250000002
1 0.38585677083333336 0.3325546875 0.02191145833333336 0.035531250000000014
