0 0.8967317708333333 0.7473515625 0.2065364583333333 0.505296875
1 0.35417187499999997 0.4271328125 0.018083333333333347 0.030156250000000016
0 0.5423151041666666 0.5058476562499999 0.04199479166666666 0.05282031250000001
1 0.6962369791666667 0.4524609375 0.0036406250000000045 0.02112499999999997
1 0.6938072916666668 0.47223828124999995 0.007375000000000043 0.03644531249999998
0 0.6342682291666667 0.58178125 0.11610937500000003 0.17404687500000007
0 0.8176197916666667 0.72021484375 0.36476041666666664 0.5276328124999999
0 0.6683697916666667 0.52421875 0.0814062500000001 0.08292187500000008
1 0.41484895833333335 0.443109375 0.008145833333333326 0.012843749999999954
1 0.3401015625 0.43576171874999997 0.011505208333333291 0.028164062499999965
0 0.33432291666666664 0.49427734375 0.07253124999999999 0.07280468749999995
0 0.7282578125000001 0.5293515624999999 0.0674010416666667 0.07573437499999995
1 0.7505000000000001 0.42636328125 0.0038854166666666854 0.014054687500000006
0 0.5815703125 0.553125 0.07588020833333337 0.09526562500000005
0 0.5337239583333333 0.48668750000000005 0.03208333333333328 0.05018750000000001
