0 0.7270833333333333 0.4073515625 0.1748645833333332 0.34453124999999996
0 0.7389947916666666 0.44991015624999997 0.08091666666666661 0.1370546875
1 0.6093020833333334 0.3841328125 0.009718750000000043 0.016093750000000018
1 0.8259036458333334 0.2698125 0.03361979166666664 0.055500000000000015
0 0.9462942708333333 0.42648437499999997 0.10741145833333335 0.1543125
0 0.970171875 0.6981484375000001 0.05965624999999998 0.4179843750000001
0 0.739703125 0.44425390625 0.04940625000000007 0.07863281249999998
1 0.8218359375 0.33780078125 0.05355729166666663 0.0798359375
0 0.5930442708333333 0.4132421875 0.04627604166666662 0.049640625000000015
1 0.3887213541666667 0.3194765625 0.021421874999999996 0.034890624999999974
