1 0.39235156250000003 0.49169140625 0.02343229166666661 0.037070312500000036
0 0.5487473958333333 0.55897265625 0.04741145833333326 0.06192968749999998
0 0.7107630208333333 0.6931406250000001 0.2385260416666667 0.2880781249999999
0 0.6822239583333333 0.527796875 0.08103125000000008 0.05782812499999999
1 0.4071692708333333 0.5116328125 0.006734375000000033 0.013187499999999996
1 0.21028385416666667 0.46707421875 0.02883854166666667 0.044210937500000026
1 0.5806510416666666 0.49237109375 0.02063541666666673 0.0333984375
0 0.5668802083333333 0.5805390625 0.06076041666666671 0.08090625000000004
1 0.3927395833333333 0.459796875 0.014625000000000022 0.02609374999999998
0 0.6123437500000001 0.6053242187500001 0.10359375000000005 0.1634765625
