1 0.4054895833333333 0.43521093749999995 0.01807291666666663 0.02840625000000001
0 0.5263203125 0.48937890624999997 0.036526041666666606 0.04525781249999996
0 0.5852135416666667 0.54073046875 0.09748958333333337 0.11638281250000002
1 0.41408593750000006 0.45053515624999996 0.0054010416666666694 0.01060156250000004
0 0.9390963541666667 0.63858203125 0.12180729166666661 0.31205468750000004
1 0.32411718749999996 0.4280898437499999 0.01615104166666666 0.02513281249999997
1 0.5538802083333334 0.434984375 0.01669791666666664 0.026953125
0 0.5370208333333333 0.50440234375 0.043343750000000014 0.054289062500000006
0 0.09195052083333333 0.5676406249999999 0.18390104166666665 0.199703125
1 0.4059244791666667 0.41072265625000004 0.011265625000000057 0.02007031250000004
0 0.8637135416666666 0.8051406249999999 0.2725729166666666 0.38971875
0 0.5564609375 0.507921875 0.05994270833333335 0.09357812499999998
0 0.03380729166666666 0.62296875 0.06761458333333333 0.17496875000000003
