1 0.39872916666666663 0.46764843749999996 0.021083333333333284 0.033296875000000004
0 0.5396640625 0.5303984374999999 0.042640624999999946 0.05409375000000001
0 0.6415755208333334 0.61133984375 0.15564062499999995 0.18821093750000006
0 0.664328125 0.5039648437500001 0.07462500000000011 0.053367187500000045
1 0.4106796875 0.48606250000000006 0.006161458333333296 0.012062499999999953
1 0.26976041666666667 0.4480234375 0.02233333333333333 0.034468750000000006
1 0.5698958333333334 0.46921484375 0.018968750000000038 0.03069531249999997
0 0.5542057291666667 0.548125 0.05280729166666666 0.06846875
1 0.39916145833333333 0.43896875 0.013156249999999996 0.023484374999999957
0 0.5859661458333334 0.5603984375 0.0810885416666667 0.12674999999999992
