1 0.3832890625 0.44571484375 0.02634895833333335 0.041664062499999946
0 0.5578697916666667 0.5228867187499999 0.05315625000000003 0.06524218749999999
0 0.5075442708333333 0.45762109375 0.03003645833333337 0.04099218750000002
0 0.820671875 0.77246484375 0.35865624999999995 0.4550703125
0 0.6345 0.44644140624999995 0.0389895833333334 0.05617968749999998
0 0.70140625 0.48943359375 0.08851041666666669 0.062460937500000036
1 0.401640625 0.46812109374999994 0.007416666666666671 0.01450781250000004
1 0.1045859375 0.40541406250000006 0.04016145833333334 0.061765625000000046
1 0.5923255208333332 0.4508203125 0.022630208333333356 0.03651562500000001
0 0.5468020833333334 0.44135546875 0.032156250000000004 0.04202343750000006
0 0.5811276041666666 0.55017578125 0.0711302083333333 0.08910156249999997
0 0.5841979166666668 0.44503906249999997 0.03643750000000002 0.04628125000000001
1 0.38388802083333334 0.4098046875 0.01647395833333333 0.029437500000000005
0 0.652 0.59860546875 0.14186458333333327 0.20786718750000005
