1 0.22575520833333332 0.39909375 0.031562500000000014 0.052234374999999965
0 0.8946953125 0.51494140625 0.13344270833333335 0.09586718750000003
0 0.5336041666666667 0.510765625 0.055479166666666656 0.06882812500000002
1 0.7672083333333333 0.43134765625 0.007250000000000038 0.031648437499999994
1 0.7620546874999999 0.46003515625 0.008203125 0.053929687499999976
0 0.8137916666666667 0.7318203125 0.3461874999999999 0.45681249999999995
0 0.7193515625 0.541109375 0.12571354166666662 0.12054687499999997
1 0.37030208333333337 0.4348437499999999 0.010343750000000007 0.016281250000000025
1 0.24269270833333334 0.40865625000000005 0.01840624999999999 0.04206249999999998
0 0.5106744791666666 0.49037109375 0.03184895833333338 0.04060156249999993
0 0.25363020833333333 0.5067890625 0.10525 0.10057812499999992
0 0.8054635416666667 0.544625 0.11144791666666667 0.11039062499999996
1 0.8066875 0.4020546875 0.005739583333333324 0.018703124999999998
0 0.6128776041666666 0.5959609374999999 0.13264062499999993 0.16145312499999998
0 0.5205364583333334 0.48891796875000004 0.03986458333333338 0.06255468750000004
