0 0.8540989583333333 0.664234375 0.29180208333333335 0.5774374999999999
0 0.7856354166666667 0.65476171875 0.10838541666666673 0.1935546875
1 0.6000911458333333 0.5519140625000001 0.010817708333333323 0.018234375000000025
1 0.9201848958333334 0.40013671874999995 0.04703645833333343 0.07497656249999998
0 0.9931276041666666 0.6014375000000001 0.01374479166666672 0.19824999999999998
0 0.7554088541666667 0.6310703125 0.05661979166666668 0.09946874999999995
0 0.7657838541666667 0.63007421875 0.08916145833333336 0.1595859375
0 0.8180416666666666 0.6106210937500001 0.05392708333333343 0.06517968749999996
1 0.5883072916666666 0.551953125 0.007364583333333267 0.01846875000000008
1 0.916765625 0.4928828125 0.07465624999999995 0.11020312499999996
0 0.5809270833333334 0.5965234374999999 0.0494166666666666 0.05659374999999996
1 0.32408333333333333 0.485140625 0.029239583333333326 0.047578124999999985
0 0.7450416666666667 0.6288203125 0.045968749999999996 0.06864062500000001
