1 0.30993750000000003 0.43089062499999997 0.04413541666666667 0.07000000000000002
0 0.5971067708333334 0.5481796875 0.08855729166666665 0.10515625000000002
0 0.5131380208333333 0.44988671875 0.03926562499999999 0.05357031249999995
0 0.3557916666666666 0.47808203125000004 0.04134375 0.05196093749999999
0 0.6778411458333333 0.4371484375 0.05413020833333337 0.07359374999999994
0 0.7825911458333332 0.4910234375 0.12556770833333328 0.08689062500000003
0 0.5345755208333334 0.46997265625000006 0.11460937500000004 0.07766406249999998
1 0.35877604166666666 0.46817578125 0.011041666666666691 0.02142968750000005
1 0.6377317708333334 0.44346874999999997 0.0327760416666667 0.05268750000000004
0 0.5639895833333334 0.42864843750000003 0.042927083333333255 0.055343750000000025
0 0.6717473958333334 0.6201601562500001 0.15965104166666666 0.18914843750000002
0 0.6124062499999999 0.43316406250000006 0.04942708333333338 0.06082812500000001
1 0.3105364583333333 0.37034765625 0.0277708333333333 0.04960156250000001
