1 0.33400781250000006 0.46067187499999995 0.020338541666666703 0.03359375
0 0.543515625 0.5390937499999999 0.04501041666666664 0.05803124999999998
1 0.712140625 0.47707421875 0.0042604166666667 0.022695312499999964
1 0.7094687499999999 0.49883203125 0.0076458333333333664 0.039664062499999986
0 0.6583776041666667 0.6325429687499999 0.1419739583333334 0.21361718749999997
0 0.8433958333333335 0.74621484375 0.31320833333333326 0.5075703125000001
0 0.681484375 0.5570468749999999 0.0900729166666667 0.09270312499999997
1 0.407859375 0.47613671875 0.008614583333333314 0.013460937500000015
1 0.3230338541666667 0.47067578125000004 0.012755208333333339 0.030101562499999977
0 0.32048177083333335 0.53559375 0.07885937499999998 0.07895312500000004
0 0.7467552083333333 0.56023046875 0.07581249999999998 0.08553906250000001
1 0.7648932291666667 0.44806640625 0.004265625000000028 0.014835937500000007
0 0.5898645833333334 0.59278515625 0.08591666666666668 0.11096093749999998
0 0.5339166666666666 0.51996875 0.03382291666666663 0.05309374999999994
