1 0.40535937499999997 0.42931640625 0.018270833333333354 0.0287109375
0 0.5274661458333333 0.48394921875 0.0369114583333334 0.04571093749999999
0 0.5884401041666667 0.5364375 0.10033854166666671 0.11948437500000005
1 0.4141536458333333 0.44486328124999996 0.005453124999999955 0.010695312499999953
0 0.9484739583333334 0.6420625 0.10305208333333328 0.330640625
1 0.3213723958333334 0.4213828124999999 0.016505208333333302 0.025687499999999995
1 0.5552864583333333 0.42936328125 0.016854166666666615 0.027195312500000048
0 0.5383776041666667 0.4991328125000001 0.043921874999999964 0.05496875000000001
0 0.08761197916666667 0.56455078125 0.17522395833333335 0.20714843750000006
1 0.40581510416666666 0.40453515624999997 0.011390625000000003 0.020289062499999976
0 0.8771302083333334 0.810734375 0.2457395833333333 0.37853125
0 0.5584895833333333 0.50290234375 0.06111458333333335 0.09533593749999998
0 0.028013020833333332 0.6216132812499999 0.056026041666666665 0.17985156250000003
