0 0.7953229166666667 0.5740859374999999 0.2323541666666666 0.4538749999999999
0 0.7721822916666667 0.5967265625 0.09360416666666668 0.16423437499999993
1 0.6111406249999999 0.5075390625 0.010322916666666633 0.017312499999999974
1 0.8812109375000001 0.37231640625 0.04039062499999998 0.06511718750000002
0 0.975203125 0.55498046875 0.04959375000000001 0.1798828125
0 0.7559583333333334 0.58165625 0.05323958333333335 0.08937499999999998
0 0.8218046875 0.5651835937499999 0.051015624999999905 0.059351562499999934
1 0.60003125 0.5053124999999999 0.007114583333333376 0.017453125000000024
1 0.87790625 0.45286718750000005 0.06430208333333336 0.09534375000000006
0 0.5933776041666667 0.548140625 0.04801562500000003 0.051156250000000014
1 0.36325 0.43588671874999996 0.025343749999999984 0.041335937499999975
0 0.7491484375 0.58105859375 0.04385937500000002 0.06132031250000001
