1 0.30007812500000003 0.42919140625 0.04615625 0.07316406250000003
0 0.5998203125000001 0.5501640625 0.09243229166666668 0.10920312499999998
0 0.5122682291666667 0.44878515624999993 0.040067708333333306 0.054648437499999945
0 0.3518072916666667 0.47772265625 0.04234374999999998 0.05296093749999997
0 0.6801979166666666 0.43583984375 0.055479166666666656 0.07507031249999999
0 0.7885833333333333 0.49035156250000006 0.12894791666666663 0.08895312500000001
0 0.6005 0.4578398437500001 0.11896875000000004 0.07957031250000002
1 0.3531692708333333 0.46770703124999996 0.01140104166666666 0.022085937499999986
1 0.6406796875 0.4422148437500001 0.03374479166666665 0.05417968750000002
0 0.5641145833333333 0.42709375000000005 0.043875000000000004 0.05648437500000005
0 0.6825807291666667 0.6287421875 0.17280729166666664 0.203
0 0.6134687500000001 0.43162500000000004 0.05057291666666674 0.062078125000000026
1 0.3006614583333333 0.365875 0.029062499999999977 0.051859375
