1 0.4021692708333333 0.43070703125000004 0.019130208333333343 0.030117187500000052
0 0.5303489583333333 0.4859765625 0.03870833333333336 0.04782812499999993
0 0.6011666666666666 0.543578125 0.1140625 0.134453125
1 0.4120390625 0.4470859375 0.005671874999999993 0.011140624999999993
0 0.9948411458333334 0.69631640625 0.010317708333333305 0.46144531249999987
1 0.30582031249999997 0.42036328125000005 0.01810937499999999 0.028148437500000068
1 0.5586588541666667 0.42928515625 0.0175052083333334 0.028273437500000043
0 0.5422916666666667 0.5017109375000001 0.046614583333333334 0.05814062499999997
0 0.06570833333333333 0.58993359375 0.13141666666666665 0.2451171875
1 0.40246614583333334 0.40471484375 0.011932291666666709 0.021289062499999956
0 0.5654557291666666 0.5065703125000001 0.06632812499999995 0.10357812500000003
