0 0.8910833333333333 0.62677734375 0.21783333333333335 0.7464453125
0 0.8049427083333334 0.7056796875 0.14910416666666676 0.2515625
1 0.5624192708333333 0.5584101562500001 0.01182812500000002 0.02000781250000001
0 0.7007552083333333 0.6182070312500001 0.0329375 0.04964843750000005
1 0.809640625 0.57574609375 0.002072916666666676 0.016070312500000038
1 0.8087057291666666 0.5907890625000001 0.006630208333333343 0.028031249999999997
0 0.736984375 0.654015625 0.06387499999999993 0.11340625000000007
0 0.10210677083333335 0.6845351562499999 0.054546874999999995 0.04839843749999995
0 0.7648723958333333 0.666265625 0.11344270833333331 0.19567187499999994
0 0.7924635416666667 0.6272578125 0.05884375000000001 0.07095312499999995
1 0.5488020833333334 0.5580507812500001 0.0078854166666666 0.020101562499999927
1 0.9870494791666666 0.50826171875 0.025901041666666676 0.15219531250000004
0 0.5388515625 0.6054882812500001 0.052515625000000024 0.061257812499999974
1 0.19940625 0.4803125 0.04141666666666666 0.06785937500000001
0 0.7184635416666667 0.64659375 0.05032291666666661 0.07632812500000004
