1 0.4102604166666667 0.427109375 0.01530208333333333 0.024124999999999997
0 0.5124947916666667 0.4750703124999999 0.030958333333333362 0.03875000000000002
1 0.08393229166666667 0.36127734375 0.04896875 0.0812109375
0 0.9604401041666667 0.5137421874999999 0.0791197916666667 0.12329687500000004
0 0.5490989583333333 0.5118515625000001 0.0661770833333333 0.08131250000000004
1 0.8640338541666667 0.40463281250000005 0.011869791666666648 0.042625000000000045
1 0.8553619791666667 0.44254296874999993 0.007546875000000005 0.07171093750000006
0 0.9201067708333334 0.7586015625 0.15978645833333333 0.482796875
0 0.7925260416666667 0.551609375 0.1722291666666667 0.15687500000000004
1 0.35890625000000004 0.427546875 0.011958333333333352 0.018796874999999956
1 0.17316145833333335 0.389234375 0.02589583333333332 0.05546875
0 0.5204114583333334 0.48793749999999997 0.035395833333333356 0.044906249999999925
0 0.21014583333333334 0.5160429687500001 0.13443749999999996 0.1239296875
1 0.41072135416666666 0.40662109375 0.009526041666666648 0.0170390625
0 0.9033854166666667 0.5528125 0.15936458333333334 0.14359374999999996
1 0.8755234375000001 0.37683203125000003 0.007411458333333224 0.02261718749999999
0 0.6780859375 0.6480273437499999 0.20818229166666669 0.24661718749999997
0 0.5324869791666667 0.48769140625 0.04557812500000005 0.07147656250000001
0 0.1312890625 0.55646875 0.12871354166666665 0.10604687500000001
