1 0.2741901041666666 0.4180546875 0.027182291666666636 0.04517187499999999
0 0.8745416666666667 0.5271640625 0.11926041666666656 0.08781249999999999
0 0.543015625 0.5214023437499999 0.052041666666666646 0.06508593749999995
1 0.7545052083333333 0.4499765625 0.006135416666666653 0.028437499999999984
1 0.7502005208333333 0.47612890624999993 0.008130208333333399 0.04877343749999996
0 0.7487343750000001 0.684265625 0.24862499999999996 0.346671875
0 0.7125625 0.5491171875 0.11326041666666657 0.11167187500000005
1 0.3889973958333333 0.4475546875 0.009765625 0.015390625000000036
1 0.2778932291666667 0.42699609375 0.016286458333333382 0.037820312499999974
0 0.5218463541666666 0.5021093750000001 0.030598958333333273 0.03910937500000004
0 0.2827083333333333 0.51394921875 0.09582291666666665 0.09314843750000001
0 0.7916276041666667 0.55336328125 0.09880729166666669 0.10282031250000001
1 0.7996901041666666 0.42128125 0.005244791666666752 0.017406249999999977
0 0.61059375 0.5944843750000001 0.11515625000000007 0.14340625000000004
0 0.5310286458333333 0.50027734375 0.03792187500000003 0.059554687500000016
