1 0.38520833333333326 0.45783203125 0.025562500000000023 0.04021093750000002
0 0.5547083333333334 0.5323046875 0.0515625 0.06409374999999998
0 0.5059427083333333 0.46887500000000004 0.02949999999999999 0.03959374999999996
0 0.8122421875000001 0.7585703125000001 0.375515625 0.42471875
0 0.6307395833333334 0.4575468750000001 0.038156249999999996 0.05435937500000003
0 0.6957421875 0.49965624999999997 0.08655729166666669 0.06075000000000008
1 0.40248177083333336 0.47941015625 0.0072343749999999925 0.014085937499999979
1 0.1375807291666667 0.42433984375 0.03666145833333334 0.055929687500000026
1 0.5887161458333333 0.4616953125 0.022109375000000025 0.035546875
0 0.5445520833333333 0.4527109375 0.03154166666666664 0.04050000000000002
0 0.5764661458333333 0.5581953125 0.06817187500000005 0.08651562500000001
0 0.5813124999999999 0.45621484374999993 0.035708333333333425 0.044648437499999985
1 0.3858463541666667 0.42303515624999993 0.015973958333333312 0.028414062500000004
0 0.6393776041666667 0.5999296875000001 0.12985937499999997 0.19389062499999996
