1 0.3553984375 0.4369140625 0.033046875000000024 0.05203124999999993
0 0.5730572916666666 0.52649609375 0.06666666666666667 0.07942968749999997
0 0.5096536458333333 0.44816406249999996 0.034098958333333346 0.046656250000000024
0 0.3724270833333333 0.47413281250000006 0.03507291666666668 0.04500000000000002
0 0.6531588541666667 0.4337578125 0.04548437499999996 0.06417187499999999
0 0.7355416666666666 0.48078125 0.1040833333333334 0.07212499999999995
0 0.1732994791666667 0.5632421875 0.10419270833333333 0.06554687499999998
1 0.3837552083333333 0.4648632812500001 0.008885416666666698 0.017257812500000025
1 0.6106640624999999 0.4405546875 0.02681770833333334 0.042984374999999984
0 0.5539427083333334 0.42903906249999996 0.03684375 0.048046875
0 0.6114661458333333 0.5676640625 0.09913020833333341 0.11987500000000004
0 0.5961979166666665 0.43244140625 0.04205208333333334 0.05291406250000001
1 0.3558932291666667 0.39155078125 0.020713541666666717 0.036835937499999985
0 0.8094973958333334 0.724859375 0.333609375 0.435171875
