0 0.8300234375 0.6396289062499999 0.26911979166666666 0.5220703124999999
0 0.7828281250000001 0.643734375 0.10194791666666667 0.1836875
1 0.6069609375 0.5508398437500001 0.010609374999999944 0.01791406249999996
1 0.9016927083333334 0.3978359375 0.044083333333333266 0.07057812499999998
0 0.9862916666666666 0.58495703125 0.027416666666666718 0.18960156250000004
0 0.7589895833333333 0.6245390625 0.05524999999999996 0.09662499999999996
0 0.7660781249999999 0.62141796875 0.08500000000000002 0.15297656250000005
0 0.8229244791666666 0.60401171875 0.052921874999999945 0.0636796875
1 0.5956744791666667 0.5511328125 0.007244791666666709 0.018156250000000006
1 0.8996432291666667 0.48539062499999996 0.07010937499999995 0.10375000000000005
0 0.5892161458333334 0.5952500000000001 0.04871354166666665 0.055734375000000023
1 0.34145833333333336 0.48922265625000005 0.02748958333333332 0.04489843750000002
0 0.7502942708333333 0.6233203125 0.04513020833333338 0.06692187499999998
