1 0.2987265625 0.42634375 0.025161458333333366 0.041640624999999966
0 0.86653125 0.52634375 0.11239583333333343 0.08337500000000002
0 0.5497656249999999 0.5228671874999999 0.050239583333333296 0.06274999999999994
1 0.7504427083333333 0.45378125 0.005624999999999976 0.026953125
1 0.7464999999999999 0.478765625 0.008072916666666667 0.04635937500000002
0 0.7268020833333334 0.66211328125 0.21326041666666667 0.30161718749999994
0 0.71121875 0.5479453125 0.1072083333333334 0.10593749999999993
1 0.40061718749999997 0.4518984375 0.009463541666666646 0.014828124999999925
1 0.29728906250000003 0.43529296874999995 0.015265625000000031 0.03567968749999997
0 0.5295833333333333 0.50446875 0.02992708333333329 0.03803124999999996
0 0.2995104166666666 0.51647265625 0.09109374999999999 0.08864843750000002
0 0.7867786458333333 0.5519921875 0.09274479166666676 0.09768750000000007
1 0.79815625 0.42511328125 0.00501041666666661 0.016773437500000023
0 0.611578125 0.59012890625 0.1069583333333334 0.13324218749999997
0 0.5383697916666667 0.50230078125 0.036906249999999946 0.0576171875
