0 0.8319947916666666 0.704125 0.3113645833333333 0.41570312499999995
1 0.41975260416666665 0.43926953125 0.014369791666666683 0.02419531250000002
0 0.5740312499999999 0.50742578125 0.036770833333333405 0.046789062500000075
1 0.7023828125 0.46248046875000004 0.0027135416666666857 0.0177734375
1 0.7006796874999999 0.47938281250000003 0.006765625000000005 0.03081250000000004
0 0.6356953124999999 0.5613125 0.0830052083333334 0.12896874999999994
0 0.7110104166666666 0.6056953125 0.18534374999999995 0.26915625
0 0.6802369791666667 0.52180859375 0.06763020833333329 0.07085156249999995
1 0.4612630208333333 0.4508984375000001 0.007213541666666619 0.01143749999999999
1 0.40357291666666667 0.442671875 0.00933333333333337 0.023625000000000007
0 0.39373958333333337 0.49390234375 0.060770833333333364 0.0627890625
0 0.7313333333333333 0.5273671875 0.0544895833333334 0.06476562499999998
0 0.6026822916666668 0.5449609375 0.06063541666666659 0.07774999999999999
0 0.5670937500000001 0.48899218750000006 0.028812499999999967 0.045218749999999995
