0 0.8995364583333334 0.5973906250000001 0.2009270833333333 0.8052187500000001
0 0.8048385416666667 0.7072109375 0.16457291666666668 0.26939062500000005
1 0.5426380208333333 0.5418515625 0.01215104166666663 0.020546875000000055
0 0.68196875 0.60398828125 0.03345833333333334 0.04935156250000006
1 0.7942786458333333 0.5629140625 0.002151041666666605 0.01626562500000004
1 0.7931484375 0.57821484375 0.006630208333333343 0.028414062500000004
0 0.7226015625 0.6437890625 0.06643229166666677 0.11593749999999999
0 0.07017708333333333 0.66348828125 0.05629166666666666 0.04828906249999996
0 0.7568255208333333 0.66130859375 0.121734375 0.20480468749999997
0 0.7760442708333334 0.6152109375 0.06009895833333338 0.07125000000000004
1 0.5283697916666666 0.541640625 0.008062500000000009 0.020406250000000004
0 0.5178385416666667 0.58950390625 0.05356250000000002 0.06119531250000003
1 0.13509114583333334 0.455265625 0.04704687500000001 0.07745312499999998
0 0.8228125 0.62129296875 0.04739583333333333 0.06667968749999993
0 0.7016692708333333 0.6344335937500001 0.05175520833333339 0.07686718749999999
