0 0.8432057291666666 0.7404609375 0.3135885416666666 0.519078125
1 0.3692994791666667 0.42266796875 0.016067708333333344 0.026882812500000065
0 0.5394583333333334 0.49383203125 0.03918750000000006 0.04949218750000002
1 0.6785729166666667 0.4445859375 0.0031041666666665672 0.019359375000000068
1 0.6766249999999999 0.46276953125000003 0.0070208333333332245 0.033445312499999956
0 0.6130651041666667 0.55608203125 0.09626562499999997 0.1458984375
0 0.7267630208333333 0.62591015625 0.25258854166666656 0.3533359375
0 0.6542317708333333 0.5088515625000001 0.07351562500000004 0.07598437499999999
1 0.4195026041666666 0.4355234375 0.0076718749999999504 0.012124999999999986
1 0.3538177083333333 0.42839843749999995 0.010354166666666664 0.025843750000000033
0 0.3458671875 0.48264453125000006 0.06642187500000005 0.06744531250000003
0 0.7090625 0.51387109375 0.059916666666666646 0.0689453125
0 0.5725286458333334 0.5356640625 0.06721354166666664 0.08373437500000006
0 0.5317864583333333 0.47521874999999997 0.03032291666666674 0.04746874999999999
