1 0.4093203125 0.4430390624999999 0.016286458333333323 0.025703124999999983
0 0.518234375 0.49373046874999993 0.03294791666666672 0.04114843749999997
0 0.561578125 0.535453125 0.0759166666666666 0.09299999999999997
1 0.9710416666666667 0.39955859374999997 0.018052083333333375 0.054492187499999956
1 0.9575885416666666 0.4478515625 0.013041666666666648 0.09070312499999993
0 0.86809375 0.5888515625 0.2253749999999999 0.197375
1 0.3483151041666667 0.44101953125 0.013338541666666674 0.020882812500000014
1 0.09611979166666668 0.38849609375 0.034749999999999996 0.06963281250000004
0 0.5270729166666667 0.507421875 0.03817708333333337 0.04828124999999996
0 0.16767447916666667 0.545796875 0.163671875 0.14665625000000002
1 0.40978125 0.4210546875 0.010145833333333344 0.01814062499999993
0 0.9482760416666667 0.58762890625 0.10344791666666661 0.1804609375
1 0.9370234375000001 0.3777890625 0.009026041666666628 0.025968750000000006
0 0.771625 0.75075 0.33190625 0.388765625
0 0.5413958333333333 0.5086171875 0.05039583333333327 0.07903124999999997
0 0.07826822916666668 0.58996484375 0.15653645833333335 0.12902343749999998
