0 0.8215755208333333 0.6787148437500001 0.28036979166666665 0.3779296875000001
1 0.4375703125 0.43296875 0.014005208333333326 0.023562499999999976
0 0.5888854166666666 0.49939453125 0.036270833333333384 0.04608593750000001
1 0.7150390625 0.45542187500000003 0.002640625000000085 0.017562499999999925
1 0.713375 0.4720546875 0.006739583333333362 0.030421875000000043
0 0.6477213541666667 0.5516757812499999 0.08034895833333332 0.12403906249999999
0 0.7160364583333333 0.589984375 0.17378124999999991 0.25401562499999997
0 0.6933046875 0.5133085937499999 0.0664947916666667 0.06955468749999998
1 0.4775911458333333 0.44414453125 0.007109374999999988 0.011273437500000049
1 0.42143749999999996 0.43594140625 0.009114583333333334 0.02321093750000003
0 0.4113671875 0.48612109375 0.05952604166666671 0.061460937500000055
0 0.7437005208333333 0.51908984375 0.0534427083333334 0.06321093749999998
0 0.61640625 0.53628515625 0.059270833333333425 0.0751015625
0 0.5821458333333333 0.48109765625000006 0.02852083333333333 0.04461718750000001
