1 0.40947916666666667 0.43239453124999994 0.015708333333333317 0.024679687500000026
0 0.5144635416666666 0.48095703125 0.03177083333333333 0.03957031250000007
1 0.019651041666666664 0.35100390625 0.03930208333333333 0.09510156249999997
0 0.9776666666666666 0.52099609375 0.04466666666666666 0.13307031249999995
0 0.5536953125 0.519515625 0.06999479166666665 0.08539062499999997
1 0.9036432291666666 0.40069140625 0.014109374999999957 0.0470234375
1 0.8932994791666666 0.44244531249999997 0.008828124999999905 0.07875000000000006
0 0.8207239583333333 0.5635117187500001 0.19190625000000003 0.1709765625
1 0.3543125 0.43213671875 0.012510416666666658 0.01955468749999998
1 0.14420312500000002 0.38983203125 0.029114583333333336 0.06061718749999998
0 0.5227473958333333 0.494109375 0.03652604166666666 0.04609375
0 0.1932421875 0.5278007812500001 0.145671875 0.13199218749999994
1 0.40995312500000003 0.41129296874999993 0.009781249999999986 0.017429687500000048
0 0.9256119791666666 0.56391796875 0.14877604166666672 0.15649218750000005
1 0.8996796875 0.374703125 0.008057291666666562 0.023953124999999974
0 0.7090703125 0.6812265625 0.24800520833333337 0.2916406249999999
0 0.5357057291666667 0.49436328124999995 0.04752604166666673 0.07424218749999997
0 0.11004427083333332 0.5701679687500001 0.139640625 0.11442968749999993
