1 0.40136979166666664 0.4214765625 0.019604166666666718 0.030843750000000014
0 0.5323359375 0.47955468749999997 0.0395885416666666 0.048968749999999964
0 0.609453125 0.54164453125 0.12225000000000001 0.14353906249999993
0 0.6509427083333333 0.45592578125000005 0.07034374999999997 0.050429687500000056
1 0.411609375 0.4385 0.005791666666666669 0.011374999999999958
1 0.2982369791666667 0.40781640625 0.019026041666666653 0.029570312499999973
1 0.5614453125 0.42264453125 0.017869791666666756 0.02885156250000005
0 0.5448281250000001 0.49583984374999995 0.047979166666666725 0.059867187499999995
0 0.0525546875 0.5867109375 0.105109375 0.26626562499999995
1 0.40181770833333336 0.39482421875 0.012229166666666676 0.02180468750000002
0 0.5699505208333334 0.50178125 0.06942187499999998 0.10826562500000003
