1 0.3786979166666667 0.46576953125 0.027614583333333324 0.043648437500000005
0 0.5616145833333334 0.5453749999999999 0.0557708333333333 0.07028124999999993
0 0.5087239583333333 0.47791796875000003 0.030864583333333327 0.041570312500000026
0 0.8367812499999999 0.78777734375 0.3264375 0.42444531249999995
0 0.3838723958333333 0.5000585937500001 0.03138020833333333 0.041023437499999996
0 0.6391015625 0.46564843749999996 0.0403072916666666 0.056906250000000026
0 0.7091588541666667 0.5099218750000001 0.0916927083333333 0.06453125000000001
1 0.39883854166666666 0.48917968749999996 0.007708333333333309 0.015031250000000006
1 0.040208333333333325 0.417875 0.046322916666666665 0.07164062500000004
1 0.5967109374999999 0.47055078125000005 0.023463541666666643 0.03785156249999995
0 0.5490052083333333 0.46071484375000005 0.033104166666666636 0.041976562500000016
0 0.5874635416666666 0.5750390624999999 0.0761354166666667 0.09767187499999999
0 0.5874088541666667 0.4643671875 0.037578125000000046 0.04632812499999996
1 0.37927083333333333 0.42813671875 0.017270833333333315 0.030820312500000037
0 0.6735130208333333 0.6366875000000001 0.16467187500000005 0.24310937499999996
