1 0.29524218750000003 0.42641015625000006 0.04716145833333331 0.07485156250000005
0 0.6010598958333333 0.5499375 0.09429687499999997 0.11110937500000002
0 0.5118307291666666 0.44684375000000004 0.04042187500000001 0.055312500000000056
0 0.34997395833333333 0.47571874999999997 0.04281249999999996 0.05350000000000001
0 0.6811848958333333 0.43408984375 0.05606770833333338 0.07589843750000003
0 0.7912369791666668 0.48901953125 0.13046354166666668 0.0899453125
0 0.6374244791666667 0.45183984375 0.12215104166666665 0.08057031249999999
1 0.35049739583333334 0.46570703125 0.01157812500000001 0.022445312500000016
1 0.6420364583333333 0.4404296875 0.03418749999999993 0.05493749999999995
0 0.5641328125 0.425015625 0.04428645833333344 0.057171875000000004
0 0.6881041666666667 0.63220703125 0.17967708333333335 0.2101484375
0 0.6138984375 0.42964843750000004 0.05107812499999997 0.06281249999999998
1 0.2958645833333333 0.36164453124999996 0.029708333333333375 0.05307031250000001
